cell	HSPC	EarlyEry	LateEry	GMP	ProMono	Mono	ncMono	cDC	pDC	ProB	PreB	B	Plasma	CD4Naive	CD4Memory	CD8Naive	CD8Memory	CD8TermExh	GammaDeltaLike	NKT	NK	Doublets
Normal_AAAAAAGGTTCC	0.041	0.004	0.008	0.01	0.017	0.017	0.009	0.011	0.006	0.034	0.018	0.016	0.057	0.062	0.109	0.103	0.14	0.141	0.048	0.044	0.05	0.055
Normal_AAAACAACGGGG	0.138	0.033	0.028	0.025	0.037	0.036	0.028	0.035	0.027	0.048	0.023	0.014	0.107	0.039	0.05	0.035	0.028	0.024	0.011	0.017	0.033	0.184
Normal_AAAACCGAAACC	0.075	0.025	0.035	0.027	0.019	0.027	0.018	0.024	0.03	0.069	0.023	0.017	0.124	0.067	0.071	0.053	0.045	0.023	0.021	0.021	0.029	0.157
Normal_AAAACGCGTGCC	0.017	0.003	0	0.011	0.013	0.005	0.01	0.003	0.014	0.017	0.008	0.003	0.03	0.044	0.106	0.057	0.18	0.225	0.098	0.065	0.056	0.035
Normal_AAAACGTATCGT	0.11	0.025	0.018	0.033	0.072	0.062	0.042	0.046	0.062	0.053	0.034	0.01	0.11	0.018	0.039	0.02	0.017	0.011	0.009	0.013	0.026	0.17
Normal_AAAAGAGGATAG	0.083	0.014	0.011	0.009	0.046	0.048	0.089	0.185	0.072	0.062	0.05	0.072	0.062	0.016	0.019	0.017	0.013	0.024	0.006	0.005	0.013	0.084
Normal_AAAAGATCAATA	0.107	0.026	0.014	0.074	0.04	0.03	0.036	0.042	0.049	0.05	0.024	0.029	0.14	0.029	0.058	0.036	0.047	0.023	0.021	0.014	0.03	0.081
Normal_AAAAGCAAACAG	0.087	0.012	0.014	0.023	0.047	0.047	0.044	0.065	0.076	0.056	0.034	0.017	0.115	0.03	0.051	0.025	0.028	0.026	0.017	0.015	0.039	0.132
Normal_AAAAGGACTACA	0.117	0.035	0.013	0.018	0.026	0.031	0.041	0.028	0.029	0.065	0.034	0.019	0.103	0.036	0.066	0.051	0.042	0.03	0.016	0.016	0.026	0.158
Normal_AAAATAGGCGGA	0.09	0.02	0.026	0.019	0.027	0.036	0.028	0.035	0.029	0.047	0.041	0.016	0.177	0.041	0.052	0.047	0.022	0.026	0.01	0.012	0.032	0.167
Normal_AAACAATCATTT	0.074	0.018	0.023	0.022	0.018	0.015	0.014	0.016	0.045	0.056	0.019	0.014	0.21	0.043	0.068	0.056	0.037	0.024	0.018	0.014	0.035	0.161
Normal_AAACAATGCTGG	0.088	0.017	0.013	0.018	0.048	0.043	0.031	0.045	0.106	0.073	0.054	0.015	0.093	0.032	0.037	0.037	0.025	0.016	0.011	0.016	0.023	0.159
Normal_AAACACGTTGCC	0.035	0.007	0.006	0.02	0.007	0.005	0.012	0.007	0.009	0.04	0.028	0.01	0.043	0.097	0.183	0.101	0.125	0.108	0.05	0.032	0.035	0.04
Normal_AAACAGAAAGCC	0.15	0.025	0.018	0.029	0.026	0.039	0.055	0.042	0.057	0.062	0.042	0.018	0.105	0.022	0.041	0.03	0.037	0.024	0.013	0.021	0.036	0.108
Normal_AAACATCCAGCG	0.023	0.006	0.004	0.01	0.014	0.013	0.019	0.012	0.007	0.035	0.02	0.026	0.095	0.029	0.062	0.067	0.118	0.193	0.074	0.06	0.075	0.038
Normal_AAACATTCACGA	0.086	0.014	0.01	0.017	0.038	0.048	0.031	0.207	0.094	0.054	0.051	0.096	0.089	0.015	0.012	0.008	0.018	0.019	0.004	0.006	0.021	0.062
Normal_AAACCTGGGGCT	0.076	0.01	0.006	0.012	0.037	0.049	0.034	0.339	0.07	0.03	0.033	0.092	0.061	0.007	0.02	0.019	0.011	0.017	0.007	0.007	0.008	0.055
Normal_AAACGACGCTTT	0.084	0.042	0.013	0.016	0.056	0.048	0.038	0.053	0.078	0.038	0.018	0.013	0.121	0.033	0.039	0.025	0.022	0.02	0.016	0.012	0.023	0.192
Normal_AAACGTCGCTCA	0.03	0.003	0.008	0.013	0.014	0.009	0.01	0.008	0.011	0.023	0.014	0.014	0.048	0.073	0.128	0.137	0.118	0.161	0.038	0.051	0.054	0.035
Normal_AAAGACACGCTG	0.084	0.051	0.007	0.017	0.048	0.056	0.053	0.063	0.059	0.08	0.054	0.011	0.081	0.03	0.034	0.029	0.032	0.013	0.013	0.013	0.023	0.149
Normal_AAAGGCAGCTTA	0.034	0.009	0.007	0.012	0.006	0.019	0.005	0.004	0.039	0.038	0.02	0.012	0.048	0.148	0.2	0.098	0.101	0.06	0.036	0.029	0.03	0.045
Normal_AAAGGGGTCTAC	0.166	0.017	0.005	0.014	0.022	0.04	0.03	0.132	0.064	0.087	0.056	0.091	0.041	0.021	0.03	0.016	0.014	0.028	0.011	0.01	0.019	0.086
Normal_AAAGTATAGGCG	0.134	0.038	0.018	0.024	0.048	0.043	0.037	0.053	0.053	0.094	0.047	0.006	0.104	0.026	0.038	0.029	0.026	0.015	0.01	0.005	0.018	0.134
Normal_AAAGTTTCTCCG	0.059	0.008	0.014	0.017	0.015	0.033	0.023	0.121	0.098	0.046	0.067	0.15	0.06	0.022	0.054	0.037	0.023	0.031	0.009	0.006	0.01	0.097
Normal_AAATAACATACT	0.105	0.064	0.021	0.039	0.025	0.021	0.017	0.032	0.013	0.053	0.025	0.012	0.192	0.048	0.065	0.036	0.044	0.021	0.028	0.019	0.029	0.091
Normal_AAATAATATTCC	0.087	0.03	0.022	0.03	0.033	0.033	0.024	0.038	0.017	0.05	0.018	0.017	0.232	0.043	0.041	0.035	0.039	0.022	0.024	0.014	0.034	0.117
Normal_AAATATTGGACT	0.139	0.028	0.018	0.027	0.023	0.036	0.035	0.029	0.032	0.092	0.066	0.01	0.112	0.023	0.039	0.025	0.022	0.021	0.01	0.014	0.029	0.17
Normal_AAATATTTGCTT	0.02	0.004	0.002	0.009	0.009	0.008	0.006	0.009	0.013	0.027	0.016	0.022	0.057	0.089	0.199	0.092	0.136	0.125	0.046	0.03	0.043	0.038
Normal_AAATCAATTGCG	0.076	0.018	0.004	0.022	0.044	0.057	0.041	0.043	0.038	0.03	0.026	0.01	0.132	0.049	0.082	0.046	0.052	0.039	0.033	0.009	0.037	0.112
Normal_AAATCCCTTGAA	0.077	0.019	0.014	0.013	0.037	0.041	0.038	0.054	0.11	0.043	0.026	0.022	0.142	0.034	0.047	0.045	0.022	0.02	0.012	0.014	0.036	0.134
Normal_AAATCGTGGGGA	0.052	0.018	0.006	0.013	0.053	0.055	0.039	0.421	0.075	0.036	0.027	0.054	0.041	0.007	0.01	0.016	0.011	0.01	0.004	0.004	0.015	0.033
Normal_AAATGCCATTCA	0.086	0.035	0.036	0.029	0.027	0.035	0.022	0.025	0.044	0.05	0.024	0.019	0.126	0.033	0.033	0.05	0.04	0.038	0.026	0.018	0.034	0.17
Normal_AAATGCGGGTAT	0.102	0.022	0.02	0.068	0.041	0.053	0.047	0.023	0.038	0.047	0.019	0.014	0.109	0.038	0.061	0.033	0.029	0.034	0.012	0.018	0.047	0.125
Normal_AAATTACTTTAT	0.015	0.008	0.008	0.005	0.007	0.005	0.009	0.002	0.036	0.032	0.009	0.009	0.058	0.168	0.178	0.214	0.086	0.027	0.015	0.018	0.017	0.074
Normal_AAATTCACATAG	0.12	0.03	0.018	0.025	0.037	0.035	0.027	0.033	0.039	0.033	0.027	0.012	0.198	0.033	0.04	0.031	0.041	0.02	0.025	0.015	0.027	0.134
Normal_AACAACCCGACA	0.121	0.057	0.008	0.019	0.049	0.048	0.047	0.056	0.043	0.068	0.035	0.018	0.088	0.029	0.045	0.027	0.03	0.017	0.012	0.018	0.028	0.137
Normal_AACAACCGTTAA	0.074	0.029	0.016	0.014	0.022	0.024	0.019	0.022	0.032	0.082	0.049	0.017	0.148	0.031	0.053	0.04	0.036	0.023	0.022	0.02	0.033	0.194
Normal_AACACAATTTAT	0.07	0.023	0.017	0.017	0.038	0.032	0.03	0.031	0.062	0.037	0.036	0.026	0.152	0.042	0.069	0.042	0.029	0.024	0.021	0.011	0.04	0.151
Normal_AACACAGCTCCT	0.101	0.03	0.008	0.026	0.059	0.052	0.034	0.056	0.056	0.043	0.029	0.01	0.134	0.029	0.054	0.037	0.031	0.018	0.012	0.01	0.025	0.146
Normal_AACACGCTCTAC	0.1	0.024	0.015	0.021	0.058	0.056	0.042	0.047	0.103	0.041	0.019	0.012	0.109	0.019	0.034	0.025	0.023	0.014	0.009	0.008	0.02	0.201
Normal_AACAGTGTATAA	0.115	0.026	0.019	0.036	0.027	0.017	0.015	0.029	0.013	0.061	0.018	0.016	0.184	0.048	0.063	0.051	0.05	0.026	0.025	0.015	0.029	0.117
Normal_AACATAATGGAG	0.18	0.057	0.016	0.038	0.047	0.024	0.012	0.031	0.038	0.072	0.024	0.016	0.101	0.036	0.051	0.042	0.035	0.022	0.022	0.015	0.026	0.095
Normal_AACATCCATATT	0.12	0.06	0.025	0.056	0.051	0.031	0.018	0.05	0.02	0.07	0.026	0.021	0.165	0.027	0.038	0.034	0.027	0.022	0.018	0.013	0.018	0.09
Normal_AACCACAACAGA	0.067	0.023	0.025	0.022	0.023	0.02	0.016	0.01	0.018	0.066	0.019	0.019	0.13	0.072	0.087	0.067	0.063	0.032	0.028	0.023	0.038	0.132
Normal_AACCCACGTTGC	0.086	0.032	0.014	0.031	0.043	0.038	0.048	0.042	0.043	0.049	0.033	0.023	0.109	0.038	0.047	0.027	0.033	0.031	0.024	0.012	0.03	0.167
Normal_AACCCAGATCCC	0.09	0.023	0.013	0.066	0.046	0.054	0.05	0.042	0.031	0.039	0.007	0.009	0.105	0.022	0.051	0.034	0.039	0.046	0.017	0.012	0.114	0.09
Normal_AACCCGAGCCCT	0.113	0.016	0.014	0.095	0.053	0.054	0.034	0.033	0.02	0.052	0.017	0.01	0.076	0.039	0.059	0.034	0.053	0.039	0.022	0.014	0.055	0.098
Normal_AACCCTCAACGA	0.117	0.047	0.01	0.026	0.044	0.044	0.041	0.03	0.045	0.048	0.039	0.012	0.122	0.04	0.053	0.036	0.028	0.019	0.015	0.014	0.029	0.141
Normal_AACCGCTTCCTT	0.141	0.038	0.03	0.033	0.054	0.032	0.026	0.037	0.034	0.058	0.016	0.016	0.121	0.031	0.044	0.036	0.017	0.013	0.011	0.009	0.025	0.178
Normal_AACCGTTACGCT	0.027	0.01	0.005	0.025	0.019	0.013	0.013	0.024	0.01	0.029	0.015	0.008	0.04	0.084	0.255	0.084	0.112	0.068	0.049	0.036	0.031	0.043
Normal_AACGAGAGGAGC	0.024	0.001	0.012	0.016	0.017	0.009	0.014	0.011	0.011	0.035	0.017	0.021	0.064	0.086	0.162	0.083	0.092	0.117	0.026	0.044	0.059	0.079
Normal_AACGCAATATGA	0.062	0.005	0.004	0.009	0.057	0.072	0.046	0.321	0.074	0.03	0.031	0.076	0.06	0.012	0.02	0.017	0.015	0.021	0.004	0.005	0.018	0.041
Normal_AACGCGCTAGAT	0.04	0.006	0.003	0.012	0.055	0.185	0.105	0.276	0.076	0.02	0.025	0.063	0.036	0.007	0.011	0.005	0.005	0.013	0.004	0.006	0.009	0.038
Normal_AACGCGCTGGCC	0.085	0.058	0.02	0.022	0.055	0.05	0.038	0.051	0.061	0.045	0.029	0.014	0.101	0.024	0.035	0.026	0.019	0.023	0.018	0.015	0.035	0.176
Normal_AACGGAAACTAC	0.128	0.017	0.01	0.014	0.044	0.06	0.035	0.048	0.056	0.078	0.041	0.011	0.083	0.032	0.052	0.028	0.035	0.019	0.02	0.012	0.034	0.143
Normal_AACGGTTTTACG	0.082	0.061	0.027	0.042	0.032	0.032	0.023	0.028	0.021	0.043	0.028	0.011	0.167	0.045	0.054	0.052	0.035	0.022	0.025	0.012	0.025	0.133
Normal_AACGTAGGTAAC	0.14	0.031	0.027	0.034	0.028	0.035	0.015	0.025	0.036	0.036	0.018	0.021	0.138	0.039	0.048	0.051	0.028	0.013	0.013	0.019	0.032	0.173
Normal_AACTAAAGCCTA	0.074	0.014	0.007	0.08	0.05	0.051	0.034	0.04	0.035	0.034	0.021	0.023	0.147	0.029	0.048	0.034	0.039	0.041	0.021	0.02	0.084	0.074
Normal_AACTAGGACCTC	0.143	0.035	0.012	0.03	0.044	0.028	0.025	0.041	0.057	0.091	0.05	0.023	0.146	0.017	0.036	0.014	0.021	0.015	0.009	0.009	0.029	0.125
Normal_AACTAGGGTTAT	0.04	0.004	0.002	0.005	0.042	0.049	0.046	0.335	0.097	0.031	0.041	0.114	0.034	0.01	0.029	0.018	0.015	0.015	0.009	0.01	0.023	0.031
Normal_AACTAGTCTTCT	0.088	0.027	0.027	0.02	0.017	0.031	0.021	0.011	0.014	0.052	0.03	0.02	0.134	0.067	0.069	0.082	0.035	0.032	0.02	0.016	0.028	0.159
Normal_AACTATCCCAAC	0.153	0.036	0.016	0.029	0.053	0.073	0.045	0.054	0.053	0.05	0.03	0.006	0.082	0.019	0.053	0.031	0.032	0.017	0.015	0.011	0.018	0.124
Normal_AACTCGGTAGAA	0.074	0.014	0.008	0.018	0.048	0.064	0.057	0.042	0.063	0.087	0.055	0.018	0.097	0.025	0.046	0.021	0.031	0.019	0.01	0.014	0.031	0.158
Normal_AACTCTCCAGGG	0.104	0.031	0.03	0.022	0.026	0.029	0.026	0.032	0.019	0.058	0.039	0.016	0.112	0.042	0.049	0.041	0.032	0.027	0.025	0.014	0.034	0.192
Normal_AACTGTGCTCCC	0.064	0.012	0.005	0.014	0.041	0.068	0.048	0.28	0.077	0.041	0.037	0.089	0.059	0.009	0.025	0.012	0.012	0.022	0.009	0.008	0.024	0.044
Normal_AACTTCACTCCT	0.068	0.025	0.027	0.024	0.054	0.047	0.045	0.066	0.101	0.051	0.022	0.023	0.106	0.017	0.039	0.025	0.025	0.018	0.01	0.007	0.018	0.182
Normal_AAGAACAGCCAG	0.095	0.013	0.036	0.024	0.024	0.028	0.015	0.015	0.014	0.065	0.026	0.014	0.128	0.055	0.072	0.081	0.039	0.025	0.027	0.017	0.039	0.148
Normal_AAGAATCCTATG	0.088	0.043	0.024	0.03	0.027	0.033	0.03	0.023	0.018	0.049	0.024	0.019	0.202	0.047	0.047	0.041	0.045	0.03	0.024	0.019	0.036	0.101
Normal_AAGACACCTAGC	0.122	0.022	0.025	0.023	0.01	0.012	0.025	0.011	0.018	0.065	0.018	0.022	0.158	0.053	0.076	0.06	0.037	0.037	0.022	0.014	0.035	0.135
Normal_AAGACCACTACG	0.085	0.046	0.029	0.026	0.024	0.031	0.019	0.023	0.018	0.069	0.026	0.016	0.182	0.054	0.06	0.042	0.033	0.025	0.024	0.015	0.03	0.123
Normal_AAGACGCGCTAA	0.078	0.025	0.017	0.01	0.034	0.054	0.028	0.043	0.068	0.046	0.024	0.017	0.116	0.039	0.062	0.033	0.039	0.034	0.027	0.017	0.038	0.151
Normal_AAGAGGCTAAAG	0.085	0.033	0.02	0.022	0.018	0.018	0.019	0.024	0.082	0.054	0.035	0.027	0.091	0.067	0.078	0.052	0.047	0.029	0.024	0.019	0.039	0.117
Normal_AAGAGGTTAGTA	0.047	0.009	0.005	0.009	0.045	0.065	0.049	0.374	0.122	0.031	0.029	0.061	0.04	0.008	0.012	0.013	0.01	0.014	0.006	0.004	0.017	0.03
Normal_AAGATAGAGGTC	0.096	0.017	0.011	0.023	0.051	0.046	0.044	0.043	0.082	0.054	0.028	0.01	0.129	0.03	0.049	0.028	0.027	0.016	0.013	0.008	0.022	0.173
Normal_AAGCCAGAGAGA	0.082	0.016	0.02	0.021	0.026	0.022	0.013	0.028	0.037	0.049	0.03	0.028	0.197	0.051	0.084	0.06	0.038	0.021	0.028	0.013	0.036	0.1
Normal_AAGCCGATACCA	0.133	0.035	0.011	0.031	0.033	0.038	0.036	0.045	0.045	0.044	0.039	0.022	0.091	0.043	0.053	0.052	0.037	0.021	0.016	0.017	0.029	0.129
Normal_AAGCGATACATC	0.11	0.026	0.017	0.034	0.039	0.034	0.017	0.033	0.023	0.044	0.018	0.013	0.23	0.039	0.048	0.038	0.036	0.027	0.017	0.015	0.029	0.113
Normal_AAGCGGTTTGTC	0.146	0.027	0.008	0.023	0.063	0.067	0.039	0.053	0.038	0.063	0.047	0.007	0.09	0.019	0.044	0.028	0.024	0.016	0.007	0.012	0.022	0.157
Normal_AAGCGTACACTG	0.116	0.036	0.009	0.018	0.051	0.048	0.06	0.051	0.055	0.039	0.026	0.015	0.119	0.019	0.032	0.02	0.027	0.022	0.01	0.02	0.035	0.172
Normal_AAGCTTAGGCCA	0.082	0.035	0.043	0.018	0.02	0.02	0.014	0.028	0.019	0.046	0.018	0.014	0.254	0.045	0.049	0.058	0.026	0.022	0.014	0.013	0.03	0.132
Normal_AAGGACATAATG	0.063	0.006	0.005	0.007	0.044	0.05	0.044	0.293	0.08	0.037	0.04	0.091	0.068	0.009	0.021	0.014	0.01	0.022	0.009	0.009	0.017	0.061
Normal_AAGGAGTACAGC	0.116	0.021	0.011	0.073	0.052	0.05	0.024	0.074	0.038	0.044	0.025	0.016	0.094	0.036	0.048	0.031	0.034	0.031	0.023	0.014	0.039	0.106
Normal_AAGGATTCCGCT	0.094	0.027	0.019	0.036	0.037	0.033	0.025	0.034	0.031	0.03	0.016	0.012	0.221	0.035	0.044	0.027	0.03	0.027	0.026	0.019	0.031	0.146
Normal_AAGGCAAGTTCG	0.105	0.044	0.024	0.041	0.023	0.023	0.015	0.012	0.033	0.067	0.035	0.021	0.127	0.045	0.049	0.032	0.022	0.02	0.016	0.009	0.039	0.198
Normal_AAGGCCACGGAC	0.081	0.025	0.025	0.029	0.033	0.037	0.024	0.023	0.008	0.063	0.025	0.022	0.164	0.063	0.08	0.047	0.052	0.033	0.017	0.013	0.028	0.108
Normal_AAGGCTGACGAG	0.108	0.062	0.021	0.036	0.015	0.02	0.017	0.025	0.018	0.064	0.035	0.028	0.166	0.04	0.069	0.054	0.044	0.029	0.023	0.015	0.02	0.091
Normal_AAGGCTGGCTTC	0.116	0.035	0.016	0.026	0.055	0.051	0.028	0.064	0.09	0.082	0.038	0.019	0.112	0.017	0.029	0.018	0.015	0.013	0.009	0.01	0.019	0.138
Normal_AAGGGAATAGAA	0.031	0.012	0.013	0.018	0.023	0.019	0.014	0.013	0.016	0.029	0.012	0.018	0.099	0.073	0.101	0.131	0.093	0.049	0.061	0.024	0.08	0.071
Normal_AAGGGGCGCAAA	0.035	0.008	0.004	0.016	0.039	0.057	0.049	0.327	0.076	0.043	0.034	0.094	0.034	0.008	0.024	0.014	0.013	0.03	0.015	0.011	0.029	0.04
Normal_AAGGGTGATCTT	0.089	0.024	0.007	0.077	0.054	0.056	0.026	0.059	0.035	0.043	0.015	0.024	0.087	0.041	0.059	0.037	0.054	0.025	0.019	0.008	0.062	0.099
Normal_AAGGGTTTCGAC	0.1	0.032	0.011	0.039	0.052	0.035	0.02	0.047	0.017	0.044	0.017	0.014	0.188	0.042	0.075	0.05	0.042	0.031	0.022	0.014	0.023	0.085
Normal_AAGGTCAGGACG	0.094	0.06	0.029	0.028	0.016	0.029	0.03	0.024	0.023	0.049	0.025	0.02	0.163	0.045	0.055	0.058	0.055	0.036	0.021	0.016	0.03	0.094
Normal_AAGGTCCGGTAG	0.083	0.025	0.036	0.031	0.02	0.021	0.024	0.021	0.014	0.053	0.015	0.034	0.168	0.049	0.058	0.053	0.031	0.029	0.012	0.015	0.032	0.176
Normal_AAGGTGAGCCTG	0.146	0.024	0.012	0.022	0.041	0.037	0.043	0.038	0.045	0.07	0.061	0.017	0.103	0.032	0.045	0.026	0.028	0.016	0.016	0.021	0.019	0.138
Normal_AAGTAAAGAATA	0.066	0.015	0.002	0.009	0.046	0.049	0.041	0.365	0.127	0.031	0.03	0.07	0.039	0.011	0.017	0.013	0.009	0.006	0.007	0.008	0.012	0.027
Normal_AAGTACAGAGAA	0.096	0.037	0.023	0.038	0.032	0.034	0.018	0.03	0.016	0.043	0.024	0.017	0.22	0.035	0.05	0.04	0.031	0.027	0.021	0.016	0.022	0.13
Normal_AAGTCAGAAGGA	0.071	0.026	0.038	0.014	0.022	0.021	0.02	0.023	0.028	0.033	0.023	0.015	0.172	0.051	0.051	0.056	0.038	0.018	0.011	0.01	0.052	0.207
Normal_AAGTCGCTCCGA	0.166	0.013	0.005	0.013	0.022	0.032	0.027	0.173	0.096	0.069	0.048	0.103	0.038	0.016	0.019	0.013	0.011	0.016	0.01	0.012	0.017	0.081
Normal_AAGTCTAGCTGT	0.164	0.022	0.002	0.016	0.03	0.04	0.031	0.137	0.116	0.074	0.039	0.08	0.05	0.019	0.02	0.012	0.012	0.011	0.007	0.008	0.015	0.095
Normal_AAGTGATGTCGC	0.096	0.031	0.034	0.03	0.035	0.035	0.016	0.018	0.025	0.043	0.018	0.019	0.172	0.049	0.064	0.069	0.031	0.021	0.017	0.018	0.032	0.127
Normal_AAGTGCCTCTGC	0.087	0.039	0.019	0.036	0.021	0.019	0.017	0.02	0.029	0.043	0.036	0.027	0.175	0.055	0.068	0.072	0.037	0.026	0.012	0.018	0.033	0.111
Normal_AAGTGCGGAGTA	0.125	0.024	0.015	0.028	0.022	0.024	0.029	0.014	0.016	0.05	0.039	0.016	0.127	0.048	0.057	0.047	0.04	0.028	0.017	0.013	0.036	0.185
Normal_AAGTGCTCTAAC	0.11	0.049	0.018	0.016	0.039	0.032	0.036	0.039	0.051	0.057	0.038	0.014	0.124	0.032	0.033	0.029	0.019	0.023	0.012	0.006	0.024	0.199
Normal_AAGTGTAGTTGC	0.081	0.025	0.028	0.026	0.024	0.033	0.037	0.035	0.043	0.034	0.017	0.014	0.237	0.023	0.037	0.035	0.031	0.026	0.013	0.01	0.032	0.159
Normal_AAGTTAGCCGTC	0.144	0.028	0.016	0.024	0.045	0.048	0.045	0.057	0.072	0.03	0.024	0.011	0.104	0.028	0.028	0.031	0.014	0.016	0.006	0.013	0.02	0.196
Normal_AATAAACCAATG	0.079	0.025	0.031	0.024	0.04	0.049	0.066	0.049	0.043	0.033	0.033	0.011	0.106	0.032	0.029	0.026	0.024	0.027	0.018	0.019	0.046	0.19
Normal_AATAAGTGTGAG	0.121	0.056	0.018	0.023	0.053	0.045	0.041	0.05	0.034	0.064	0.021	0.02	0.087	0.037	0.035	0.032	0.025	0.023	0.013	0.013	0.026	0.163
Normal_AATAATATTAGC	0.089	0.061	0.016	0.024	0.045	0.049	0.049	0.05	0.04	0.035	0.029	0.014	0.096	0.035	0.055	0.033	0.046	0.022	0.018	0.013	0.024	0.157
Normal_AATACGCACACG	0.095	0.017	0.005	0.011	0.052	0.046	0.041	0.086	0.058	0.06	0.055	0.044	0.11	0.022	0.05	0.017	0.029	0.023	0.021	0.003	0.024	0.131
Normal_AATACGTCTGCA	0.134	0.025	0.025	0.032	0.025	0.025	0.022	0.027	0.017	0.09	0.047	0.011	0.095	0.048	0.041	0.042	0.042	0.018	0.019	0.017	0.03	0.168
Normal_AATAGAGTCGTC	0.15	0.018	0.009	0.017	0.027	0.033	0.029	0.129	0.115	0.076	0.054	0.077	0.046	0.013	0.028	0.028	0.013	0.02	0.011	0.007	0.022	0.078
Normal_AATAGCATTACC	0.117	0.034	0.014	0.029	0.027	0.016	0.014	0.028	0.023	0.06	0.024	0.021	0.162	0.05	0.066	0.048	0.045	0.039	0.027	0.017	0.034	0.105
Normal_AATCAAAGGAAT	0.104	0.016	0.012	0.056	0.054	0.045	0.029	0.052	0.071	0.049	0.016	0.011	0.1	0.033	0.042	0.038	0.039	0.027	0.025	0.013	0.082	0.086
Normal_AATCAACACAGT	0.028	0.003	0.005	0.011	0.05	0.157	0.089	0.312	0.074	0.02	0.022	0.069	0.036	0.007	0.024	0.006	0.011	0.017	0.008	0.007	0.02	0.024
Normal_AATCACTGGCAG	0.122	0.027	0.02	0.064	0.027	0.043	0.029	0.02	0.022	0.036	0.022	0.026	0.117	0.055	0.057	0.049	0.051	0.035	0.017	0.017	0.044	0.1
Normal_AATCAGCTCGCC	0.088	0.029	0.015	0.035	0.042	0.038	0.027	0.038	0.015	0.047	0.023	0.015	0.229	0.037	0.05	0.042	0.025	0.03	0.015	0.019	0.026	0.115
Normal_AATCATTGCGTT	0.086	0.032	0.026	0.034	0.059	0.035	0.022	0.043	0.019	0.049	0.021	0.013	0.192	0.041	0.057	0.042	0.03	0.029	0.009	0.015	0.024	0.122
Normal_AATCCATCACGG	0.105	0.035	0.019	0.019	0.051	0.055	0.048	0.044	0.038	0.043	0.029	0.013	0.095	0.03	0.042	0.033	0.032	0.023	0.017	0.009	0.031	0.189
Normal_AATCCCGGACGC	0.083	0.017	0.014	0.056	0.038	0.058	0.055	0.046	0.038	0.037	0.02	0.021	0.109	0.041	0.059	0.047	0.048	0.027	0.02	0.01	0.073	0.083
Normal_AATCCTATGACT	0.111	0.027	0.025	0.027	0.038	0.026	0.016	0.036	0.017	0.065	0.024	0.013	0.201	0.039	0.061	0.036	0.023	0.033	0.022	0.014	0.021	0.125
Normal_AATCCTCAGCTA	0.111	0.022	0.021	0.025	0.039	0.031	0.046	0.036	0.039	0.073	0.047	0.018	0.087	0.048	0.056	0.027	0.033	0.025	0.011	0.016	0.034	0.155
Normal_AATCGTTTAGGA	0.117	0.023	0.012	0.027	0.051	0.059	0.054	0.062	0.069	0.054	0.025	0.008	0.107	0.018	0.035	0.026	0.022	0.007	0.008	0.009	0.021	0.186
Normal_AATCTCACGAAC	0.024	0.007	0.01	0.014	0.008	0.017	0.016	0.018	0.008	0.031	0.014	0.008	0.051	0.093	0.216	0.112	0.134	0.056	0.049	0.033	0.035	0.046
Normal_AATCTCCACCCA	0.095	0.025	0.019	0.02	0.03	0.031	0.022	0.022	0.057	0.071	0.042	0.027	0.104	0.049	0.067	0.049	0.047	0.026	0.013	0.01	0.03	0.144
Normal_AATCTCCTGCCT	0.114	0.046	0.022	0.029	0.045	0.048	0.036	0.027	0.035	0.051	0.032	0.012	0.098	0.049	0.046	0.046	0.036	0.019	0.019	0.012	0.027	0.151
Normal_AATCTCTTCTTG	0.108	0.044	0.047	0.051	0.02	0.021	0.014	0.022	0.023	0.077	0.022	0.019	0.107	0.038	0.05	0.053	0.03	0.025	0.011	0.012	0.026	0.18
Normal_AATGATTCCCGG	0.086	0.023	0.025	0.029	0.028	0.026	0.014	0.023	0.011	0.054	0.022	0.019	0.213	0.047	0.048	0.076	0.042	0.03	0.022	0.023	0.027	0.112
Normal_AATGATTCGCCC	0.108	0.02	0.026	0.021	0.026	0.037	0.025	0.026	0.036	0.061	0.045	0.007	0.107	0.044	0.051	0.04	0.043	0.024	0.024	0.011	0.03	0.188
Normal_AATGATTGGAAA	0.085	0.034	0.024	0.027	0.013	0.012	0.024	0.01	0.021	0.059	0.048	0.019	0.15	0.063	0.068	0.052	0.033	0.038	0.023	0.013	0.046	0.138
Normal_AATGCCATCTTG	0.108	0.039	0.016	0.026	0.033	0.018	0.013	0.026	0.015	0.074	0.024	0.014	0.163	0.056	0.076	0.062	0.036	0.033	0.019	0.016	0.027	0.106
Normal_AATGCGCGTAGG	0.123	0.051	0.02	0.035	0.037	0.024	0.011	0.027	0.008	0.086	0.024	0.022	0.167	0.043	0.065	0.047	0.034	0.018	0.024	0.016	0.023	0.095
Normal_AATGCTAACAGA	0.1	0.036	0.02	0.026	0.054	0.069	0.064	0.057	0.058	0.032	0.019	0.012	0.113	0.02	0.028	0.022	0.02	0.018	0.009	0.007	0.032	0.184
Normal_AATGCTAATCTT	0.111	0.028	0.015	0.023	0.054	0.061	0.051	0.059	0.056	0.079	0.035	0.01	0.102	0.031	0.039	0.02	0.023	0.012	0.006	0.011	0.024	0.15
Normal_AATGCTACTTAA	0.1	0.015	0.038	0.025	0.016	0.005	0.012	0.008	0.033	0.109	0.061	0.016	0.126	0.042	0.051	0.042	0.027	0.023	0.007	0.016	0.034	0.194
Normal_AATGCTGCTCGC	0.114	0.028	0.018	0.038	0.041	0.032	0.028	0.042	0.012	0.049	0.016	0.015	0.193	0.055	0.05	0.036	0.04	0.027	0.025	0.018	0.022	0.101
Normal_AATGGATACCCC	0.053	0.02	0.044	0.027	0.022	0.028	0.021	0.029	0.02	0.049	0.032	0.013	0.113	0.065	0.069	0.056	0.051	0.029	0.026	0.018	0.03	0.185
Normal_AATGGCAACACT	0.015	0.006	0.005	0.01	0.009	0.009	0.015	0.006	0.013	0.032	0.011	0.033	0.055	0.099	0.157	0.136	0.112	0.067	0.08	0.03	0.046	0.054
Normal_AATGGCGGTAAC	0.091	0.021	0.011	0.036	0.032	0.021	0.01	0.028	0.022	0.05	0.018	0.024	0.195	0.059	0.067	0.053	0.046	0.033	0.028	0.016	0.026	0.113
Normal_AATGTAATTGCT	0.107	0.021	0.013	0.072	0.047	0.031	0.024	0.028	0.026	0.036	0.015	0.014	0.106	0.037	0.056	0.037	0.05	0.051	0.023	0.018	0.081	0.107
Normal_AATGTTCGACCC	0.094	0.049	0.031	0.019	0.039	0.032	0.03	0.028	0.032	0.073	0.028	0.019	0.085	0.042	0.059	0.043	0.039	0.032	0.019	0.009	0.048	0.15
Normal_AATGTTTTTCGT	0.126	0.025	0.018	0.029	0.036	0.009	0.008	0.022	0.016	0.053	0.026	0.016	0.192	0.047	0.076	0.056	0.03	0.024	0.031	0.015	0.042	0.103
Normal_AATTAATCTTAA	0.102	0.015	0.03	0.024	0.016	0.017	0.019	0.019	0.029	0.066	0.046	0.018	0.129	0.057	0.065	0.035	0.023	0.015	0.013	0.012	0.03	0.22
Normal_AATTAGCCCAAG	0.062	0.01	0.008	0.014	0.027	0.036	0.027	0.205	0.087	0.058	0.047	0.126	0.11	0.009	0.022	0.019	0.019	0.022	0.015	0.009	0.017	0.051
Normal_AATTCAACCGTC	0.082	0.023	0.03	0.029	0.017	0.018	0.022	0.013	0.033	0.056	0.019	0.02	0.213	0.038	0.058	0.041	0.035	0.035	0.013	0.02	0.05	0.135
Normal_AATTCCAGAGGA	0.07	0.013	0.016	0.021	0.028	0.037	0.029	0.032	0.081	0.067	0.036	0.014	0.118	0.023	0.061	0.024	0.03	0.028	0.021	0.014	0.036	0.201
Normal_AATTCGGGGCTG	0.145	0.021	0.007	0.015	0.033	0.038	0.025	0.151	0.038	0.074	0.048	0.101	0.059	0.022	0.028	0.017	0.018	0.021	0.014	0.009	0.022	0.094
Normal_AATTCTACTGAT	0.065	0.007	0.008	0.008	0.032	0.047	0.052	0.137	0.076	0.063	0.052	0.092	0.049	0.034	0.047	0.037	0.032	0.041	0.013	0.013	0.022	0.073
Normal_AATTGCCATGTG	0.077	0.022	0.024	0.032	0.023	0.036	0.028	0.022	0.02	0.038	0.021	0.023	0.201	0.04	0.063	0.057	0.026	0.023	0.008	0.021	0.026	0.169
Normal_AATTGCGTACGT	0.071	0.02	0.029	0.017	0.029	0.037	0.031	0.047	0.036	0.043	0.025	0.019	0.16	0.052	0.061	0.046	0.022	0.018	0.011	0.014	0.029	0.183
Normal_AATTGTGGGGTT	0.076	0.02	0.02	0.032	0.039	0.034	0.032	0.033	0.02	0.064	0.041	0.032	0.121	0.047	0.086	0.053	0.04	0.029	0.018	0.017	0.027	0.119
Normal_AATTTAATCCGA	0.113	0.024	0.007	0.079	0.052	0.043	0.017	0.051	0.046	0.045	0.022	0.017	0.093	0.033	0.049	0.032	0.038	0.048	0.028	0.019	0.067	0.077
Normal_ACAACAGCAATC	0.077	0.03	0.035	0.025	0.019	0.031	0.021	0.035	0.101	0.046	0.033	0.021	0.145	0.032	0.055	0.032	0.022	0.027	0.008	0.01	0.025	0.17
Normal_ACAACCAGTGAC	0.111	0.02	0.014	0.028	0.062	0.061	0.038	0.052	0.068	0.055	0.034	0.011	0.119	0.018	0.045	0.026	0.019	0.018	0.01	0.013	0.026	0.152
Normal_ACAACCCACCAT	0.085	0.014	0.003	0.017	0.039	0.051	0.035	0.279	0.056	0.048	0.029	0.077	0.113	0.013	0.03	0.011	0.011	0.013	0.01	0.011	0.012	0.043
Normal_ACAACCCCGGAA	0.084	0.03	0.011	0.03	0.027	0.022	0.037	0.033	0.031	0.038	0.036	0.02	0.281	0.038	0.043	0.033	0.042	0.036	0.015	0.015	0.033	0.065
Normal_ACAACCGGGATG	0.099	0.012	0.021	0.02	0.03	0.038	0.03	0.041	0.121	0.036	0.03	0.016	0.11	0.04	0.048	0.032	0.03	0.019	0.021	0.015	0.04	0.151
Normal_ACAACTAATTTT	0.086	0.029	0.034	0.034	0.031	0.025	0.017	0.028	0.045	0.073	0.034	0.018	0.198	0.029	0.042	0.037	0.027	0.022	0.009	0.01	0.024	0.148
Normal_ACAAGCTAGAGG	0.07	0.007	0.013	0.02	0.025	0.035	0.033	0.097	0.09	0.054	0.046	0.084	0.082	0.049	0.049	0.021	0.03	0.037	0.021	0.013	0.025	0.099
Normal_ACAAGGTTGGAA	0.094	0.024	0.021	0.064	0.05	0.047	0.05	0.025	0.04	0.032	0.018	0.039	0.138	0.029	0.046	0.044	0.025	0.027	0.012	0.009	0.057	0.109
Normal_ACAATAAGTCTA	0.095	0.021	0.007	0.014	0.041	0.046	0.047	0.042	0.065	0.064	0.051	0.021	0.128	0.023	0.042	0.024	0.023	0.018	0.01	0.029	0.034	0.155
Normal_ACAATCCTGGTC	0.139	0.027	0.019	0.031	0.043	0.038	0.019	0.044	0.046	0.061	0.022	0.017	0.083	0.048	0.08	0.046	0.044	0.031	0.025	0.013	0.033	0.091
Normal_ACAATGCGCTTA	0.056	0.005	0.007	0.021	0.037	0.045	0.046	0.135	0.075	0.049	0.049	0.095	0.129	0.021	0.023	0.02	0.026	0.042	0.012	0.007	0.042	0.058
Normal_ACAATTTGCTCA	0.09	0.03	0.035	0.025	0.027	0.033	0.024	0.028	0.037	0.055	0.022	0.015	0.207	0.029	0.034	0.028	0.036	0.024	0.019	0.01	0.033	0.159
Normal_ACACACCTTCAA	0.109	0.016	0.008	0.017	0.041	0.056	0.071	0.121	0.099	0.041	0.033	0.097	0.067	0.014	0.029	0.014	0.017	0.029	0.015	0.014	0.036	0.056
Normal_ACACACGCCCTG	0.098	0.018	0.022	0.022	0.036	0.031	0.016	0.042	0.017	0.053	0.02	0.016	0.204	0.041	0.059	0.042	0.036	0.038	0.019	0.019	0.031	0.12
Normal_ACACCTTACTGG	0.049	0.008	0.011	0.02	0.017	0.014	0.014	0.015	0.018	0.048	0.018	0.015	0.061	0.101	0.175	0.131	0.07	0.061	0.023	0.033	0.019	0.079
Normal_ACACCTTGATAC	0.017	0.006	0.006	0.014	0.063	0.077	0.045	0.496	0.049	0.017	0.02	0.019	0.031	0.003	0.023	0.012	0.021	0.015	0.005	0.016	0.02	0.025
Normal_ACACGACAACGC	0.122	0.032	0.019	0.022	0.044	0.05	0.048	0.04	0.051	0.048	0.032	0.016	0.122	0.029	0.046	0.041	0.028	0.013	0.018	0.012	0.025	0.142
Normal_ACACGAGTGAGG	0.148	0.033	0.022	0.029	0.041	0.042	0.026	0.039	0.053	0.04	0.037	0.018	0.125	0.058	0.059	0.052	0.016	0.013	0.01	0.013	0.024	0.102
Normal_ACACGTGACGAT	0.13	0.023	0.017	0.021	0.051	0.067	0.036	0.051	0.062	0.043	0.025	0.014	0.141	0.018	0.047	0.028	0.018	0.013	0.014	0.009	0.02	0.152
Normal_ACACTAATTTGC	0.136	0.03	0.029	0.035	0.025	0.028	0.016	0.023	0.049	0.065	0.04	0.023	0.146	0.045	0.046	0.036	0.021	0.02	0.01	0.016	0.023	0.138
Normal_ACACTATGCACG	0.09	0.021	0.026	0.026	0.02	0.022	0.02	0.017	0.016	0.054	0.027	0.034	0.125	0.061	0.08	0.069	0.031	0.045	0.013	0.028	0.027	0.148
Normal_ACACTCAGTGAA	0.095	0.043	0.017	0.019	0.043	0.022	0.038	0.042	0.088	0.069	0.046	0.024	0.105	0.026	0.034	0.028	0.021	0.023	0.015	0.01	0.026	0.166
Normal_ACACTCCCGGTC	0.032	0.01	0.01	0.012	0.015	0.028	0.028	0.014	0.021	0.025	0.018	0.015	0.073	0.135	0.175	0.111	0.081	0.04	0.043	0.016	0.042	0.056
Normal_ACACTGAGTTGA	0.076	0.028	0.014	0.034	0.068	0.064	0.017	0.047	0.027	0.043	0.019	0.019	0.16	0.039	0.064	0.049	0.037	0.037	0.018	0.019	0.028	0.093
Normal_ACACTTGCATAG	0.15	0.02	0.008	0.02	0.028	0.035	0.03	0.109	0.074	0.078	0.057	0.087	0.058	0.015	0.038	0.025	0.022	0.024	0.012	0.01	0.023	0.077
Normal_ACAGATGGATCT	0.085	0.023	0.019	0.024	0.047	0.049	0.042	0.064	0.079	0.035	0.039	0.008	0.144	0.027	0.033	0.034	0.012	0.018	0.015	0.012	0.022	0.169
Normal_ACAGCCTATGGA	0.083	0.019	0.016	0.023	0.023	0.025	0.024	0.026	0.04	0.067	0.032	0.021	0.102	0.053	0.086	0.069	0.042	0.029	0.025	0.021	0.035	0.139
Normal_ACAGCTTCCCTA	0.11	0.019	0.016	0.025	0.059	0.073	0.062	0.065	0.073	0.037	0.019	0.011	0.147	0.026	0.046	0.013	0.019	0.019	0.013	0.012	0.027	0.109
Normal_ACAGCTTTGCCG	0.12	0.064	0.028	0.031	0.031	0.019	0.012	0.03	0.015	0.106	0.022	0.014	0.184	0.026	0.046	0.048	0.03	0.024	0.019	0.02	0.022	0.089
Normal_ACAGGCAGTCGC	0.071	0.021	0.034	0.036	0.015	0.022	0.02	0.016	0.015	0.05	0.016	0.03	0.195	0.049	0.062	0.058	0.035	0.024	0.006	0.01	0.04	0.175
Normal_ACAGGCCCAGGT	0.1	0.039	0.015	0.017	0.051	0.06	0.05	0.064	0.058	0.053	0.023	0.013	0.103	0.023	0.032	0.036	0.033	0.027	0.018	0.014	0.022	0.149
Normal_ACAGGTTCTCTC	0.149	0.033	0.024	0.035	0.023	0.02	0.025	0.022	0.02	0.091	0.047	0.031	0.123	0.036	0.032	0.036	0.02	0.025	0.012	0.016	0.029	0.151
Normal_ACAGTATCTCCT	0.083	0.022	0.018	0.083	0.05	0.035	0.033	0.029	0.027	0.035	0.021	0.012	0.115	0.034	0.044	0.051	0.052	0.048	0.016	0.011	0.066	0.115
Normal_ACAGTTGGTTAT	0.032	0.003	0.005	0.007	0.018	0.022	0.028	0.012	0.016	0.038	0.025	0.02	0.055	0.103	0.158	0.1	0.092	0.099	0.029	0.026	0.046	0.066
Normal_ACATAGTTGTCT	0.087	0.03	0.012	0.034	0.04	0.036	0.045	0.029	0.057	0.057	0.035	0.024	0.178	0.022	0.027	0.025	0.024	0.017	0.013	0.026	0.031	0.151
Normal_ACATATAGCCGC	0.079	0.036	0.018	0.034	0.037	0.047	0.027	0.036	0.01	0.057	0.017	0.008	0.207	0.058	0.057	0.052	0.033	0.035	0.021	0.012	0.029	0.09
Normal_ACATCCATATCC	0.106	0.027	0.014	0.034	0.036	0.027	0.027	0.041	0.014	0.05	0.021	0.015	0.19	0.052	0.062	0.031	0.036	0.029	0.03	0.011	0.03	0.117
Normal_ACATGCACTATC	0.064	0.021	0.022	0.015	0.024	0.043	0.028	0.065	0.021	0.054	0.049	0.073	0.172	0.037	0.042	0.037	0.033	0.034	0.01	0.018	0.033	0.105
Normal_ACATGGAGGATT	0.136	0.019	0.01	0.016	0.037	0.03	0.026	0.079	0.091	0.084	0.053	0.068	0.067	0.026	0.042	0.025	0.018	0.024	0.017	0.01	0.023	0.099
Normal_ACATGTTTTGGG	0.113	0.019	0.016	0.022	0.054	0.04	0.041	0.043	0.052	0.07	0.057	0.012	0.083	0.037	0.052	0.036	0.028	0.02	0.018	0.024	0.03	0.133
Normal_ACATTGCAGTTA	0.02	0.003	0	0.019	0.069	0.134	0.11	0.317	0.078	0.033	0.026	0.037	0.039	0.006	0.012	0.005	0.02	0.019	0.01	0.004	0.015	0.024
Normal_ACATTGGCGCTA	0.109	0.028	0.018	0.019	0.053	0.071	0.048	0.056	0.06	0.077	0.044	0.01	0.109	0.01	0.028	0.024	0.023	0.011	0.009	0.011	0.025	0.157
Normal_ACCAACCTGTAG	0.086	0.02	0.027	0.035	0.034	0.023	0.013	0.022	0.017	0.047	0.019	0.016	0.219	0.045	0.061	0.048	0.028	0.021	0.011	0.011	0.049	0.148
Normal_ACCAAGTATATT	0.073	0.019	0.011	0.057	0.053	0.067	0.053	0.055	0.042	0.037	0.016	0.013	0.136	0.033	0.043	0.038	0.028	0.036	0.017	0.014	0.069	0.09
Normal_ACCAATCGGCAC	0.019	0.004	0.003	0.015	0.088	0.141	0.113	0.309	0.088	0.023	0.027	0.035	0.028	0.002	0.015	0.001	0.008	0.013	0.007	0.007	0.022	0.032
Normal_ACCAATGACGTC	0.112	0.045	0.017	0.039	0.039	0.026	0.022	0.034	0.012	0.071	0.022	0.014	0.171	0.046	0.063	0.039	0.044	0.029	0.024	0.017	0.019	0.095
Normal_ACCACATGTGTC	0.102	0.021	0.017	0.06	0.04	0.05	0.052	0.042	0.045	0.036	0.011	0.024	0.084	0.031	0.058	0.048	0.051	0.027	0.023	0.014	0.061	0.103
Normal_ACCACGGCTGGC	0.107	0.034	0.022	0.038	0.033	0.019	0.024	0.022	0.029	0.065	0.035	0.021	0.17	0.039	0.064	0.041	0.04	0.023	0.022	0.015	0.026	0.111
Normal_ACCACTGTGCTA	0.075	0.011	0.004	0.015	0.05	0.06	0.043	0.323	0.074	0.03	0.038	0.088	0.031	0.012	0.022	0.018	0.014	0.027	0.007	0.005	0.023	0.03
Normal_ACCAGCGCATAC	0.093	0.036	0.012	0.036	0.045	0.031	0.029	0.025	0.014	0.044	0.017	0.026	0.187	0.048	0.056	0.053	0.044	0.031	0.029	0.016	0.03	0.098
Normal_ACCAGTTCCGGG	0.064	0.016	0.018	0.019	0.043	0.053	0.04	0.044	0.037	0.042	0.021	0.011	0.144	0.032	0.062	0.04	0.042	0.026	0.022	0.018	0.041	0.165
Normal_ACCATCATGGCT	0.102	0.035	0.02	0.027	0.026	0.021	0.021	0.02	0.037	0.079	0.066	0.019	0.096	0.04	0.047	0.046	0.029	0.026	0.017	0.011	0.026	0.189
Normal_ACCCAAATTACC	0.14	0.006	0	0.011	0.025	0.046	0.042	0.143	0.133	0.065	0.052	0.094	0.043	0.015	0.024	0.022	0.016	0.012	0.009	0.008	0.015	0.079
Normal_ACCCAGTACCAC	0.025	0.007	0.006	0.011	0.004	0.022	0.014	0.013	0.007	0.022	0.009	0.014	0.073	0.066	0.219	0.107	0.132	0.041	0.082	0.022	0.062	0.042
Normal_ACCCATTGGCAG	0.062	0.013	0.021	0.022	0.015	0.015	0.017	0.01	0.036	0.078	0.031	0.024	0.107	0.078	0.058	0.063	0.043	0.04	0.02	0.016	0.042	0.189
Normal_ACCCGCCCCTAC	0.097	0.044	0.014	0.026	0.058	0.044	0.043	0.053	0.046	0.062	0.033	0.009	0.129	0.019	0.036	0.026	0.028	0.015	0.018	0.03	0.029	0.141
Normal_ACCCGGCCTACG	0.116	0.029	0.007	0.06	0.075	0.065	0.051	0.07	0.049	0.043	0.019	0.027	0.073	0.027	0.058	0.025	0.031	0.02	0.019	0.015	0.053	0.068
Normal_ACCCTAACCACT	0.079	0.027	0.005	0.009	0.055	0.056	0.051	0.088	0.101	0.095	0.067	0.03	0.07	0.017	0.025	0.015	0.019	0.028	0.012	0.007	0.019	0.125
Normal_ACCGACATTTCG	0.093	0.024	0.019	0.035	0.036	0.032	0.026	0.034	0.028	0.048	0.014	0.019	0.197	0.051	0.064	0.05	0.035	0.021	0.021	0.013	0.026	0.114
Normal_ACCGAGAAAAGT	0.104	0.012	0.006	0.063	0.043	0.047	0.046	0.05	0.046	0.04	0.034	0.044	0.088	0.026	0.045	0.043	0.044	0.046	0.024	0.006	0.076	0.067
Normal_ACCGAGGGTAAG	0.052	0.009	0.005	0.01	0.041	0.046	0.038	0.327	0.096	0.038	0.05	0.111	0.032	0.007	0.018	0.016	0.008	0.017	0.013	0.009	0.021	0.036
Normal_ACCGATTTTGAT	0.066	0.017	0.012	0.028	0.04	0.032	0.03	0.041	0.111	0.057	0.026	0.018	0.158	0.039	0.049	0.048	0.021	0.013	0.011	0.013	0.035	0.135
Normal_ACCGCTCCTGGG	0.11	0.061	0.017	0.02	0.05	0.048	0.037	0.059	0.051	0.042	0.032	0.017	0.093	0.027	0.035	0.022	0.032	0.016	0.013	0.015	0.024	0.179
Normal_ACCGCTTAAACG	0.056	0.011	0.012	0.018	0.029	0.04	0.055	0.036	0.044	0.06	0.053	0.014	0.095	0.055	0.087	0.048	0.058	0.034	0.03	0.017	0.033	0.115
Normal_ACCGGAGCCCGA	0.094	0.026	0.019	0.026	0.013	0.016	0.019	0.023	0.036	0.07	0.035	0.016	0.192	0.05	0.071	0.042	0.046	0.024	0.016	0.02	0.032	0.114
Normal_ACCGGGCGTTGA	0.073	0.022	0.018	0.028	0.038	0.036	0.023	0.03	0.034	0.043	0.021	0.014	0.213	0.035	0.048	0.038	0.023	0.025	0.023	0.016	0.04	0.159
Normal_ACCGGGTTTTCG	0.089	0.013	0.009	0.076	0.045	0.044	0.032	0.039	0.029	0.031	0.025	0.019	0.126	0.04	0.048	0.039	0.051	0.038	0.021	0.017	0.055	0.114
Normal_ACCGGTTCTTAG	0.024	0.002	0.001	0.008	0.007	0.009	0.022	0.015	0.012	0.029	0.009	0.019	0.054	0.077	0.252	0.066	0.141	0.06	0.043	0.075	0.041	0.034
Normal_ACCGTAGCATAT	0.11	0.012	0.006	0.056	0.047	0.045	0.039	0.049	0.03	0.043	0.022	0.015	0.067	0.039	0.082	0.042	0.061	0.034	0.029	0.014	0.061	0.097
Normal_ACCGTTTCATGT	0.134	0.061	0.01	0.027	0.046	0.041	0.029	0.052	0.053	0.049	0.027	0.013	0.084	0.033	0.061	0.036	0.036	0.025	0.017	0.017	0.022	0.127
Normal_ACCGTTTGCGCA	0.021	0.001	0.004	0.01	0.01	0.005	0.014	0.008	0.012	0.052	0.038	0.016	0.046	0.045	0.111	0.084	0.16	0.15	0.077	0.054	0.051	0.031
Normal_ACCTAAAGGGTC	0.115	0.018	0.024	0.03	0.025	0.018	0.025	0.022	0.071	0.066	0.034	0.03	0.097	0.035	0.052	0.033	0.035	0.046	0.012	0.023	0.046	0.143
Normal_ACCTATCTATAT	0.042	0.001	0.001	0.012	0.04	0.059	0.032	0.363	0.128	0.041	0.031	0.058	0.045	0.008	0.014	0.013	0.016	0.025	0.007	0.012	0.021	0.031
Normal_ACCTATGTTGCT	0.087	0.038	0.016	0.023	0.045	0.04	0.039	0.052	0.06	0.101	0.059	0.01	0.099	0.023	0.03	0.012	0.019	0.018	0.008	0.013	0.021	0.187
Normal_ACCTCGCAATAT	0.097	0.046	0.007	0.023	0.054	0.036	0.021	0.29	0.061	0.04	0.031	0.061	0.116	0.009	0.015	0.011	0.005	0.008	0.012	0.005	0.012	0.04
Normal_ACCTGTTCCATC	0.085	0.028	0.02	0.032	0.024	0.033	0.035	0.034	0.032	0.041	0.024	0.017	0.2	0.03	0.055	0.038	0.031	0.028	0.019	0.018	0.028	0.148
Normal_ACCTTATTTGAT	0.124	0.03	0.019	0.023	0.026	0.027	0.016	0.043	0.036	0.099	0.047	0.016	0.134	0.036	0.051	0.028	0.028	0.017	0.01	0.018	0.025	0.147
Normal_ACCTTCTACGAA	0.082	0.012	0.012	0.042	0.024	0.013	0.013	0.027	0.048	0.055	0.055	0.046	0.184	0.044	0.046	0.048	0.036	0.03	0.023	0.012	0.029	0.119
Normal_ACCTTGTTTCAG	0.186	0.016	0.011	0.021	0.034	0.037	0.05	0.037	0.062	0.073	0.037	0.029	0.072	0.015	0.057	0.025	0.03	0.03	0.015	0.011	0.026	0.126
Normal_ACCTTTAGGCGG	0.147	0.015	0.003	0.01	0.029	0.03	0.034	0.128	0.121	0.089	0.054	0.106	0.036	0.012	0.027	0.011	0.022	0.016	0.006	0.008	0.017	0.079
Normal_ACGAACGAGTCG	0.071	0.025	0.015	0.023	0.034	0.029	0.028	0.03	0.009	0.05	0.022	0.017	0.184	0.051	0.072	0.062	0.05	0.03	0.025	0.017	0.03	0.126
Normal_ACGACAAGCATT	0.106	0.024	0.015	0.014	0.049	0.07	0.074	0.054	0.073	0.056	0.041	0.015	0.099	0.027	0.037	0.019	0.027	0.017	0.013	0.013	0.03	0.127
Normal_ACGACACGTGAG	0.13	0.058	0.015	0.039	0.033	0.03	0.026	0.037	0.012	0.05	0.023	0.011	0.186	0.048	0.052	0.031	0.026	0.029	0.017	0.018	0.022	0.107
Normal_ACGACGATTGTC	0.024	0.019	0.008	0.008	0.007	0.005	0.006	0.011	0.011	0.022	0.007	0.009	0.067	0.058	0.154	0.081	0.151	0.088	0.116	0.042	0.079	0.027
Normal_ACGACGCACTCA	0.13	0.041	0.021	0.026	0.026	0.027	0.022	0.025	0.05	0.07	0.03	0.024	0.123	0.036	0.047	0.043	0.016	0.017	0.011	0.013	0.024	0.178
Normal_ACGAGCACACGG	0.107	0.029	0.012	0.038	0.043	0.027	0.013	0.032	0.026	0.05	0.017	0.027	0.197	0.047	0.054	0.051	0.038	0.035	0.021	0.012	0.026	0.098
Normal_ACGAGCGCCGAC	0.097	0.026	0.014	0.033	0.049	0.025	0.023	0.029	0.031	0.045	0.022	0.011	0.211	0.04	0.049	0.052	0.04	0.027	0.025	0.01	0.029	0.112
Normal_ACGAGCTCCGCT	0.162	0.043	0.027	0.022	0.023	0.022	0.017	0.016	0.058	0.055	0.032	0.019	0.11	0.031	0.038	0.04	0.026	0.024	0.018	0.008	0.036	0.173
Normal_ACGAGGCTATTA	0.114	0.015	0.008	0.013	0.024	0.033	0.032	0.074	0.047	0.083	0.061	0.089	0.073	0.042	0.042	0.024	0.026	0.032	0.019	0.017	0.029	0.103
Normal_ACGATGAAAACT	0.134	0.045	0.01	0.034	0.039	0.048	0.053	0.048	0.049	0.039	0.025	0.019	0.135	0.022	0.053	0.033	0.025	0.024	0.008	0.01	0.027	0.12
Normal_ACGCAAGGGTCG	0.048	0.011	0.02	0.022	0.026	0.023	0.015	0.021	0.034	0.038	0.017	0.02	0.248	0.052	0.06	0.066	0.032	0.031	0.018	0.02	0.044	0.134
Normal_ACGCAAGTTCAC	0.115	0.018	0.009	0.078	0.06	0.054	0.045	0.062	0.038	0.041	0.031	0.017	0.071	0.023	0.046	0.029	0.042	0.035	0.027	0.012	0.075	0.072
Normal_ACGCAATCGGCA	0.028	0.004	0.003	0.02	0.01	0.013	0.009	0.018	0.025	0.027	0.011	0.024	0.06	0.048	0.107	0.05	0.133	0.097	0.105	0.042	0.131	0.035
Normal_ACGCCATCAAAG	0.038	0.007	0.004	0.018	0.019	0.017	0.013	0.018	0.007	0.026	0.013	0.007	0.039	0.06	0.206	0.074	0.129	0.101	0.056	0.047	0.058	0.043
Normal_ACGCCCAGTTGT	0.064	0.016	0.023	0.03	0.029	0.043	0.055	0.026	0.03	0.059	0.038	0.017	0.107	0.053	0.059	0.042	0.048	0.033	0.027	0.008	0.034	0.159
Normal_ACGCGACCCTGC	0.086	0.02	0.009	0.022	0.05	0.064	0.069	0.056	0.06	0.075	0.038	0.019	0.12	0.022	0.033	0.015	0.028	0.02	0.01	0.014	0.022	0.148
Normal_ACGCGAGCCTAG	0.037	0.004	0.011	0.012	0.012	0.014	0.012	0.013	0.014	0.028	0.009	0.011	0.048	0.103	0.232	0.123	0.103	0.083	0.041	0.026	0.026	0.038
Normal_ACGCGGCCGCTG	0.071	0.031	0.02	0.031	0.036	0.032	0.03	0.024	0.013	0.052	0.016	0.015	0.221	0.046	0.057	0.054	0.034	0.021	0.025	0.016	0.032	0.123
Normal_ACGCTCGTCATA	0.097	0.041	0.016	0.025	0.054	0.044	0.041	0.064	0.062	0.073	0.046	0.01	0.095	0.025	0.048	0.032	0.027	0.021	0.009	0.016	0.019	0.135
Normal_ACGCTTCGAATA	0.101	0.014	0.008	0.069	0.071	0.061	0.05	0.075	0.047	0.045	0.013	0.011	0.081	0.021	0.043	0.029	0.035	0.044	0.022	0.016	0.073	0.071
Normal_ACGGAGGCCGCA	0.103	0.017	0.02	0.062	0.028	0.024	0.031	0.037	0.037	0.04	0.021	0.021	0.106	0.054	0.049	0.044	0.044	0.043	0.03	0.014	0.059	0.116
Normal_ACGGATTCATCC	0.075	0.021	0.019	0.024	0.032	0.041	0.025	0.03	0.031	0.044	0.03	0.016	0.178	0.05	0.064	0.047	0.029	0.03	0.018	0.022	0.042	0.132
Normal_ACGGCGCTACGT	0.063	0.03	0.03	0.028	0.018	0.027	0.021	0.019	0.025	0.054	0.027	0.035	0.129	0.041	0.059	0.058	0.04	0.048	0.014	0.018	0.033	0.183
Normal_ACGGCGCTTTAG	0.089	0.017	0.013	0.069	0.043	0.055	0.048	0.043	0.039	0.051	0.016	0.012	0.089	0.042	0.062	0.042	0.043	0.035	0.012	0.016	0.073	0.091
Normal_ACGGGAATTATT	0.049	0.009	0.004	0.021	0.049	0.093	0.06	0.268	0.043	0.046	0.03	0.066	0.046	0.009	0.021	0.015	0.032	0.033	0.019	0.016	0.036	0.035
Normal_ACGGGACGGACC	0.095	0.053	0.027	0.02	0.025	0.02	0.023	0.023	0.022	0.074	0.038	0.014	0.094	0.056	0.067	0.041	0.039	0.027	0.02	0.014	0.038	0.17
Normal_ACGGGGAGCGTA	0.075	0.033	0.025	0.034	0.032	0.032	0.021	0.033	0.023	0.035	0.019	0.014	0.204	0.048	0.06	0.049	0.039	0.024	0.021	0.015	0.044	0.12
Normal_ACGGGGAGGTTG	0.091	0.031	0.023	0.028	0.033	0.019	0.025	0.03	0.037	0.054	0.03	0.028	0.142	0.049	0.062	0.046	0.038	0.022	0.021	0.018	0.026	0.147
Normal_ACGGGTTCTTCG	0.107	0.045	0.02	0.026	0.05	0.054	0.045	0.042	0.039	0.056	0.026	0.007	0.119	0.027	0.043	0.03	0.035	0.018	0.011	0.012	0.025	0.163
Normal_ACGGTATCTCCA	0.082	0.014	0.021	0.021	0.026	0.039	0.033	0.033	0.075	0.049	0.028	0.014	0.103	0.035	0.068	0.046	0.032	0.019	0.02	0.013	0.029	0.2
Normal_ACGGTATTCTCC	0.072	0.025	0.024	0.016	0.043	0.052	0.049	0.052	0.051	0.035	0.033	0.011	0.109	0.038	0.055	0.04	0.032	0.025	0.024	0.017	0.05	0.147
Normal_ACGGTCCTCGCT	0.083	0.04	0.062	0.027	0.019	0.011	0.01	0.02	0.016	0.087	0.022	0.012	0.158	0.042	0.057	0.058	0.037	0.031	0.013	0.012	0.031	0.152
Normal_ACGGTCTGAAAA	0.127	0.018	0.008	0.022	0.046	0.042	0.042	0.052	0.062	0.087	0.065	0.012	0.084	0.029	0.041	0.02	0.02	0.022	0.016	0.011	0.014	0.16
Normal_ACGGTGGCCCGA	0.091	0.015	0.019	0.082	0.056	0.053	0.056	0.026	0.028	0.03	0.017	0.025	0.087	0.033	0.073	0.039	0.056	0.047	0.024	0.012	0.061	0.07
Normal_ACGGTTATCCTT	0.068	0.02	0.038	0.032	0.03	0.026	0.014	0.024	0.017	0.045	0.031	0.018	0.224	0.058	0.047	0.062	0.033	0.026	0.013	0.018	0.043	0.113
