cell	HSPC	EarlyEry	LateEry	GMP	ProMono	Mono	ncMono	cDC	pDC	ProB	PreB	B	Plasma	CD4Naive	CD4Memory	CD8Naive	CD8Memory	CD8TermExh	GammaDeltaLike	NKT	NK
Normal_AAAAAAGGTTCC	0.053	0.011	0.015	0.015	0.012	0.019	0.024	0.016	0.011	0.041	0.013	0.018	0.094	0.057	0.099	0.094	0.128	0.126	0.053	0.049	0.052
Normal_AAAACAACGGGG	0.122	0.04	0.037	0.039	0.037	0.053	0.037	0.025	0.039	0.059	0.03	0.016	0.172	0.033	0.069	0.051	0.038	0.028	0.015	0.016	0.044
Normal_AAAACCGAAACC	0.104	0.053	0.059	0.031	0.023	0.032	0.02	0.026	0.024	0.087	0.018	0.021	0.165	0.055	0.078	0.053	0.054	0.029	0.022	0.012	0.034
Normal_AAAACGCGTGCC	0.022	0.001	0.009	0.009	0.009	0.006	0.008	0.004	0.006	0.01	0.009	0.002	0.038	0.043	0.107	0.06	0.22	0.214	0.094	0.064	0.065
Normal_AAAACGTATCGT	0.139	0.038	0.026	0.037	0.066	0.082	0.042	0.057	0.072	0.058	0.035	0.013	0.133	0.024	0.041	0.032	0.034	0.02	0.014	0.012	0.025
Normal_AAAAGAGGATAG	0.098	0.016	0.026	0.023	0.044	0.074	0.074	0.17	0.061	0.073	0.039	0.097	0.084	0.016	0.023	0.018	0.018	0.02	0.006	0.007	0.013
Normal_AAAAGATCAATA	0.099	0.039	0.031	0.076	0.038	0.057	0.04	0.031	0.047	0.035	0.021	0.029	0.206	0.041	0.061	0.031	0.026	0.025	0.009	0.013	0.045
Normal_AAAAGCAAACAG	0.121	0.032	0.016	0.029	0.053	0.063	0.05	0.064	0.103	0.037	0.03	0.01	0.148	0.035	0.067	0.031	0.028	0.021	0.02	0.017	0.025
Normal_AAAAGGACTACA	0.118	0.039	0.025	0.029	0.038	0.055	0.044	0.033	0.035	0.079	0.042	0.014	0.143	0.055	0.077	0.052	0.033	0.026	0.024	0.01	0.029
Normal_AAAATAGGCGGA	0.103	0.037	0.036	0.035	0.031	0.059	0.025	0.038	0.025	0.038	0.032	0.029	0.219	0.049	0.058	0.047	0.039	0.028	0.02	0.014	0.038
Normal_AAACAATCATTT	0.07	0.042	0.044	0.042	0.013	0.024	0.017	0.024	0.056	0.066	0.025	0.03	0.264	0.049	0.066	0.04	0.039	0.027	0.012	0.017	0.033
Normal_AAACAATGCTGG	0.096	0.028	0.016	0.035	0.061	0.08	0.047	0.062	0.132	0.075	0.047	0.012	0.119	0.024	0.04	0.03	0.024	0.022	0.016	0.011	0.023
Normal_AAACACGTTGCC	0.024	0.019	0.014	0.018	0.004	0.008	0.015	0.007	0.005	0.024	0.026	0.025	0.058	0.108	0.205	0.101	0.117	0.102	0.057	0.027	0.036
Normal_AAACAGAAAGCC	0.145	0.04	0.035	0.042	0.041	0.048	0.048	0.043	0.052	0.072	0.029	0.017	0.134	0.026	0.055	0.026	0.023	0.033	0.022	0.019	0.05
Normal_AAACATCCAGCG	0.028	0.007	0.012	0.011	0.015	0.014	0.018	0.018	0.011	0.033	0.013	0.019	0.091	0.026	0.076	0.063	0.106	0.224	0.078	0.072	0.065
Normal_AAACATTCACGA	0.09	0.01	0.019	0.02	0.048	0.048	0.038	0.21	0.095	0.067	0.04	0.11	0.096	0.012	0.022	0.009	0.011	0.025	0.011	0.006	0.013
Normal_AAACCTGGGGCT	0.075	0.02	0.018	0.009	0.041	0.043	0.044	0.332	0.081	0.059	0.038	0.084	0.075	0.012	0.013	0.014	0.009	0.015	0.007	0.004	0.007
Normal_AAACGACGCTTT	0.101	0.044	0.023	0.031	0.059	0.085	0.053	0.063	0.095	0.033	0.027	0.009	0.161	0.03	0.05	0.032	0.026	0.025	0.017	0.017	0.019
Normal_AAACGTCGCTCA	0.026	0.017	0.007	0.022	0.006	0.014	0.008	0.007	0.009	0.031	0.013	0.011	0.066	0.077	0.105	0.156	0.125	0.148	0.053	0.045	0.054
Normal_AAAGACACGCTG	0.12	0.063	0.023	0.027	0.064	0.056	0.047	0.067	0.076	0.09	0.039	0.016	0.114	0.023	0.042	0.032	0.028	0.019	0.016	0.01	0.028
Normal_AAAGGCAGCTTA	0.036	0.013	0.009	0.012	0.004	0.008	0.017	0.007	0.021	0.035	0.015	0.007	0.06	0.143	0.221	0.121	0.115	0.057	0.044	0.024	0.031
Normal_AAAGGGGTCTAC	0.15	0.019	0.012	0.022	0.036	0.05	0.055	0.135	0.06	0.11	0.05	0.093	0.073	0.014	0.026	0.015	0.023	0.02	0.009	0.011	0.017
Normal_AAAGTATAGGCG	0.139	0.055	0.025	0.042	0.049	0.062	0.06	0.048	0.071	0.088	0.03	0.009	0.129	0.022	0.047	0.028	0.023	0.024	0.016	0.011	0.022
Normal_AAAGTTTCTCCG	0.079	0.017	0.051	0.025	0.02	0.04	0.034	0.095	0.084	0.065	0.049	0.175	0.093	0.027	0.033	0.033	0.023	0.025	0.008	0.012	0.012
Normal_AAATAACATACT	0.129	0.067	0.029	0.04	0.024	0.03	0.021	0.036	0.015	0.064	0.021	0.028	0.223	0.034	0.065	0.03	0.041	0.029	0.024	0.018	0.032
Normal_AAATAATATTCC	0.098	0.037	0.036	0.029	0.031	0.039	0.02	0.035	0.026	0.06	0.017	0.022	0.292	0.035	0.064	0.031	0.045	0.025	0.019	0.007	0.032
Normal_AAATATTGGACT	0.129	0.042	0.025	0.031	0.033	0.045	0.035	0.041	0.029	0.111	0.063	0.016	0.166	0.038	0.054	0.031	0.032	0.019	0.019	0.011	0.03
Normal_AAATATTTGCTT	0.017	0.005	0.007	0.01	0.002	0.016	0.01	0.007	0.012	0.026	0.014	0.016	0.066	0.09	0.229	0.095	0.142	0.097	0.063	0.027	0.049
Normal_AAATCAATTGCG	0.088	0.019	0.017	0.028	0.051	0.056	0.047	0.053	0.046	0.033	0.022	0.011	0.147	0.06	0.085	0.048	0.053	0.041	0.045	0.018	0.032
Normal_AAATCCCTTGAA	0.084	0.035	0.033	0.021	0.04	0.063	0.052	0.049	0.112	0.051	0.023	0.024	0.158	0.039	0.06	0.036	0.035	0.026	0.015	0.009	0.035
Normal_AAATCGTGGGGA	0.063	0.025	0.022	0.02	0.052	0.059	0.049	0.396	0.079	0.042	0.023	0.052	0.053	0.007	0.01	0.008	0.004	0.012	0.012	0.003	0.009
Normal_AAATGCCATTCA	0.109	0.06	0.069	0.041	0.033	0.044	0.019	0.031	0.059	0.057	0.02	0.027	0.169	0.033	0.047	0.035	0.041	0.038	0.028	0.005	0.035
Normal_AAATGCGGGTAT	0.11	0.025	0.032	0.064	0.049	0.079	0.052	0.033	0.04	0.041	0.019	0.013	0.159	0.037	0.06	0.023	0.049	0.029	0.014	0.014	0.058
Normal_AAATTACTTTAT	0.021	0.016	0.024	0.013	0.006	0.013	0.009	0.004	0.032	0.038	0.014	0.009	0.078	0.175	0.189	0.203	0.059	0.034	0.023	0.017	0.023
Normal_AAATTCACATAG	0.129	0.03	0.024	0.035	0.033	0.05	0.023	0.038	0.051	0.047	0.027	0.02	0.241	0.032	0.054	0.035	0.04	0.021	0.014	0.016	0.04
Normal_AACAACCCGACA	0.147	0.055	0.017	0.033	0.057	0.071	0.073	0.053	0.05	0.074	0.034	0.016	0.122	0.03	0.036	0.024	0.026	0.024	0.014	0.011	0.033
Normal_AACAACCGTTAA	0.099	0.038	0.041	0.026	0.017	0.026	0.023	0.029	0.04	0.092	0.043	0.024	0.195	0.048	0.058	0.041	0.04	0.037	0.027	0.014	0.042
Normal_AACACAATTTAT	0.096	0.032	0.032	0.018	0.031	0.058	0.031	0.05	0.08	0.06	0.029	0.026	0.185	0.041	0.052	0.054	0.032	0.027	0.02	0.015	0.031
Normal_AACACAGCTCCT	0.103	0.031	0.021	0.033	0.059	0.092	0.038	0.079	0.054	0.051	0.021	0.013	0.161	0.035	0.067	0.038	0.033	0.016	0.017	0.013	0.025
Normal_AACACGCTCTAC	0.099	0.031	0.014	0.037	0.077	0.075	0.049	0.062	0.117	0.047	0.017	0.02	0.169	0.019	0.048	0.028	0.02	0.024	0.015	0.009	0.023
Normal_AACAGTGTATAA	0.11	0.05	0.031	0.041	0.022	0.033	0.015	0.028	0.013	0.063	0.024	0.023	0.218	0.051	0.072	0.045	0.053	0.035	0.022	0.019	0.032
Normal_AACATAATGGAG	0.185	0.082	0.019	0.047	0.035	0.029	0.019	0.04	0.048	0.086	0.03	0.015	0.123	0.033	0.074	0.03	0.036	0.018	0.015	0.009	0.027
Normal_AACATCCATATT	0.132	0.082	0.034	0.035	0.044	0.043	0.016	0.037	0.028	0.068	0.025	0.021	0.216	0.029	0.052	0.032	0.036	0.023	0.016	0.006	0.025
Normal_AACCACAACAGA	0.083	0.035	0.039	0.033	0.015	0.038	0.033	0.021	0.022	0.061	0.028	0.023	0.177	0.072	0.085	0.056	0.063	0.033	0.029	0.015	0.039
Normal_AACCCACGTTGC	0.097	0.031	0.019	0.038	0.053	0.062	0.053	0.04	0.059	0.068	0.025	0.025	0.128	0.052	0.066	0.031	0.048	0.036	0.03	0.016	0.023
Normal_AACCCAGATCCC	0.119	0.035	0.015	0.074	0.055	0.07	0.057	0.038	0.037	0.035	0.009	0.016	0.121	0.031	0.054	0.03	0.043	0.036	0.026	0.018	0.081
Normal_AACCCGAGCCCT	0.124	0.017	0.023	0.099	0.056	0.054	0.038	0.024	0.034	0.058	0.017	0.011	0.105	0.042	0.052	0.043	0.048	0.038	0.026	0.022	0.069
Normal_AACCCTCAACGA	0.115	0.056	0.022	0.039	0.039	0.063	0.028	0.045	0.04	0.063	0.036	0.025	0.154	0.037	0.063	0.037	0.039	0.027	0.026	0.009	0.037
Normal_AACCGCTTCCTT	0.158	0.07	0.042	0.052	0.055	0.046	0.023	0.045	0.032	0.051	0.014	0.018	0.161	0.036	0.048	0.034	0.037	0.016	0.02	0.011	0.031
Normal_AACCGTTACGCT	0.028	0.007	0.008	0.021	0.019	0.019	0.011	0.015	0.012	0.019	0.012	0.008	0.048	0.098	0.277	0.083	0.148	0.052	0.057	0.031	0.027
Normal_AACGAGAGGAGC	0.022	0.01	0.016	0.019	0.007	0.018	0.015	0.011	0.01	0.038	0.018	0.017	0.097	0.107	0.154	0.085	0.097	0.118	0.04	0.047	0.054
Normal_AACGCAATATGA	0.046	0.014	0.012	0.015	0.044	0.068	0.047	0.33	0.089	0.034	0.026	0.101	0.083	0.007	0.022	0.011	0.012	0.021	0.004	0.007	0.007
Normal_AACGCGCTAGAT	0.021	0.005	0.012	0.019	0.066	0.187	0.126	0.278	0.079	0.022	0.023	0.059	0.042	0.004	0.012	0.004	0.009	0.011	0.006	0.004	0.011
Normal_AACGCGCTGGCC	0.085	0.065	0.048	0.028	0.064	0.069	0.05	0.063	0.077	0.041	0.023	0.011	0.14	0.036	0.061	0.038	0.022	0.024	0.019	0.013	0.023
Normal_AACGGAAACTAC	0.126	0.028	0.017	0.032	0.057	0.076	0.052	0.073	0.06	0.065	0.033	0.01	0.116	0.038	0.055	0.035	0.033	0.024	0.025	0.015	0.03
Normal_AACGGTTTTACG	0.108	0.071	0.033	0.039	0.041	0.038	0.019	0.024	0.024	0.069	0.015	0.021	0.23	0.036	0.061	0.036	0.029	0.033	0.025	0.013	0.035
Normal_AACGTAGGTAAC	0.137	0.044	0.047	0.04	0.028	0.045	0.045	0.023	0.034	0.055	0.016	0.029	0.193	0.036	0.056	0.055	0.025	0.022	0.014	0.015	0.041
Normal_AACTAAAGCCTA	0.087	0.029	0.015	0.08	0.049	0.06	0.051	0.031	0.039	0.034	0.022	0.014	0.183	0.025	0.055	0.03	0.035	0.038	0.018	0.021	0.084
Normal_AACTAGGACCTC	0.152	0.049	0.017	0.029	0.054	0.048	0.027	0.037	0.083	0.11	0.03	0.016	0.153	0.022	0.059	0.026	0.023	0.025	0.005	0.009	0.026
Normal_AACTAGGGTTAT	0.049	0.008	0.005	0.01	0.054	0.048	0.053	0.34	0.108	0.033	0.037	0.1	0.056	0.006	0.021	0.016	0.01	0.016	0.008	0.007	0.015
Normal_AACTAGTCTTCT	0.11	0.045	0.039	0.025	0.02	0.029	0.031	0.022	0.01	0.056	0.026	0.03	0.172	0.081	0.081	0.069	0.04	0.038	0.015	0.017	0.044
Normal_AACTATCCCAAC	0.148	0.043	0.01	0.04	0.067	0.087	0.044	0.059	0.083	0.049	0.025	0.011	0.115	0.029	0.052	0.029	0.023	0.024	0.017	0.014	0.031
Normal_AACTCGGTAGAA	0.086	0.019	0.015	0.022	0.051	0.086	0.065	0.063	0.088	0.097	0.058	0.018	0.127	0.032	0.039	0.028	0.034	0.021	0.017	0.008	0.026
Normal_AACTCTCCAGGG	0.119	0.049	0.052	0.033	0.037	0.033	0.04	0.021	0.026	0.071	0.036	0.025	0.15	0.046	0.073	0.049	0.038	0.03	0.023	0.019	0.03
Normal_AACTGTGCTCCC	0.057	0.025	0.015	0.01	0.057	0.07	0.063	0.278	0.094	0.049	0.032	0.081	0.066	0.006	0.015	0.008	0.008	0.02	0.013	0.009	0.024
Normal_AACTTCACTCCT	0.086	0.038	0.019	0.035	0.068	0.076	0.052	0.077	0.112	0.071	0.024	0.014	0.144	0.019	0.04	0.032	0.021	0.026	0.012	0.007	0.027
Normal_AAGAACAGCCAG	0.109	0.039	0.068	0.035	0.032	0.034	0.023	0.018	0.014	0.043	0.01	0.02	0.18	0.072	0.057	0.079	0.05	0.041	0.013	0.018	0.045
Normal_AAGAATCCTATG	0.09	0.064	0.026	0.039	0.032	0.041	0.024	0.023	0.02	0.057	0.021	0.03	0.237	0.048	0.051	0.041	0.049	0.036	0.028	0.015	0.028
Normal_AAGACACCTAGC	0.141	0.035	0.044	0.033	0.015	0.027	0.027	0.018	0.015	0.072	0.025	0.038	0.174	0.046	0.079	0.045	0.052	0.044	0.017	0.014	0.039
Normal_AAGACCACTACG	0.081	0.052	0.032	0.038	0.026	0.032	0.017	0.022	0.021	0.065	0.028	0.03	0.239	0.052	0.065	0.045	0.058	0.028	0.019	0.014	0.036
Normal_AAGACGCGCTAA	0.084	0.036	0.025	0.036	0.05	0.067	0.043	0.037	0.057	0.037	0.031	0.025	0.166	0.04	0.073	0.037	0.046	0.028	0.032	0.018	0.032
Normal_AAGAGGCTAAAG	0.114	0.042	0.039	0.024	0.026	0.021	0.028	0.032	0.077	0.048	0.029	0.033	0.129	0.067	0.084	0.061	0.039	0.031	0.02	0.013	0.043
Normal_AAGAGGTTAGTA	0.071	0.011	0.012	0.009	0.057	0.055	0.055	0.347	0.127	0.038	0.023	0.067	0.055	0.003	0.007	0.013	0.006	0.012	0.01	0.006	0.016
Normal_AAGATAGAGGTC	0.093	0.04	0.023	0.032	0.068	0.079	0.053	0.06	0.088	0.051	0.03	0.009	0.146	0.029	0.053	0.032	0.034	0.026	0.018	0.015	0.021
Normal_AAGCCAGAGAGA	0.099	0.042	0.037	0.024	0.03	0.034	0.017	0.035	0.044	0.043	0.015	0.033	0.229	0.049	0.09	0.045	0.031	0.031	0.019	0.018	0.035
Normal_AAGCCGATACCA	0.111	0.042	0.017	0.034	0.048	0.057	0.039	0.04	0.059	0.081	0.034	0.017	0.131	0.036	0.056	0.051	0.033	0.03	0.032	0.011	0.041
Normal_AAGCGATACATC	0.11	0.039	0.023	0.036	0.037	0.046	0.02	0.031	0.031	0.05	0.014	0.02	0.277	0.037	0.056	0.032	0.041	0.033	0.018	0.013	0.036
Normal_AAGCGGTTTGTC	0.173	0.035	0.025	0.028	0.069	0.075	0.047	0.065	0.057	0.068	0.036	0.011	0.124	0.021	0.048	0.029	0.022	0.018	0.02	0.014	0.015
Normal_AAGCGTACACTG	0.106	0.04	0.021	0.03	0.059	0.074	0.054	0.063	0.076	0.044	0.018	0.011	0.168	0.02	0.047	0.032	0.029	0.029	0.022	0.022	0.035
Normal_AAGCTTAGGCCA	0.094	0.054	0.074	0.023	0.021	0.024	0.02	0.024	0.022	0.046	0.015	0.018	0.29	0.053	0.048	0.044	0.04	0.031	0.01	0.012	0.037
Normal_AAGGACATAATG	0.069	0.008	0.017	0.011	0.046	0.054	0.053	0.288	0.086	0.049	0.033	0.1	0.083	0.006	0.014	0.02	0.012	0.014	0.012	0.007	0.018
Normal_AAGGAGTACAGC	0.108	0.027	0.021	0.067	0.065	0.064	0.038	0.06	0.052	0.043	0.02	0.016	0.153	0.032	0.058	0.032	0.045	0.028	0.015	0.014	0.042
Normal_AAGGATTCCGCT	0.116	0.041	0.042	0.039	0.032	0.046	0.032	0.027	0.04	0.042	0.019	0.022	0.253	0.027	0.053	0.033	0.048	0.022	0.018	0.012	0.036
Normal_AAGGCAAGTTCG	0.134	0.062	0.033	0.042	0.029	0.023	0.024	0.022	0.042	0.081	0.037	0.025	0.157	0.037	0.063	0.046	0.044	0.026	0.012	0.021	0.04
Normal_AAGGCCACGGAC	0.075	0.04	0.026	0.027	0.034	0.035	0.026	0.027	0.013	0.059	0.018	0.026	0.234	0.062	0.094	0.05	0.046	0.032	0.025	0.012	0.039
Normal_AAGGCTGACGAG	0.115	0.064	0.029	0.041	0.024	0.022	0.017	0.019	0.017	0.075	0.03	0.03	0.198	0.057	0.079	0.043	0.044	0.036	0.021	0.014	0.025
Normal_AAGGCTGGCTTC	0.123	0.037	0.023	0.033	0.07	0.063	0.043	0.075	0.098	0.064	0.046	0.016	0.153	0.02	0.031	0.019	0.011	0.022	0.012	0.016	0.025
Normal_AAGGGAATAGAA	0.041	0.029	0.033	0.016	0.03	0.028	0.031	0.01	0.015	0.033	0.011	0.018	0.121	0.07	0.108	0.112	0.103	0.045	0.064	0.023	0.059
Normal_AAGGGGCGCAAA	0.055	0.013	0.009	0.015	0.056	0.052	0.056	0.327	0.091	0.043	0.033	0.066	0.052	0.01	0.031	0.008	0.015	0.021	0.009	0.017	0.021
Normal_AAGGGTGATCTT	0.107	0.03	0.018	0.065	0.077	0.056	0.041	0.046	0.038	0.043	0.013	0.014	0.122	0.041	0.055	0.04	0.039	0.035	0.032	0.016	0.072
Normal_AAGGGTTTCGAC	0.113	0.033	0.012	0.039	0.056	0.048	0.009	0.038	0.027	0.044	0.018	0.014	0.209	0.057	0.093	0.05	0.047	0.02	0.038	0.012	0.023
Normal_AAGGTCAGGACG	0.084	0.074	0.034	0.034	0.023	0.022	0.027	0.03	0.024	0.071	0.016	0.025	0.224	0.053	0.064	0.041	0.039	0.037	0.022	0.023	0.033
Normal_AAGGTCCGGTAG	0.104	0.044	0.068	0.036	0.026	0.03	0.02	0.022	0.025	0.035	0.011	0.029	0.229	0.055	0.072	0.056	0.04	0.028	0.014	0.017	0.039
Normal_AAGGTGAGCCTG	0.164	0.03	0.018	0.028	0.051	0.058	0.057	0.052	0.042	0.093	0.051	0.012	0.102	0.031	0.055	0.036	0.02	0.025	0.027	0.017	0.031
Normal_AAGTAAAGAATA	0.053	0.023	0.007	0.014	0.059	0.048	0.046	0.363	0.141	0.039	0.024	0.068	0.049	0.004	0.014	0.008	0.006	0.011	0.005	0.004	0.014
Normal_AAGTACAGAGAA	0.103	0.049	0.03	0.035	0.026	0.04	0.024	0.021	0.032	0.053	0.017	0.017	0.258	0.044	0.062	0.035	0.044	0.031	0.023	0.012	0.044
Normal_AAGTCAGAAGGA	0.101	0.057	0.064	0.029	0.03	0.027	0.023	0.022	0.028	0.052	0.029	0.023	0.227	0.057	0.046	0.062	0.025	0.028	0.014	0.013	0.043
Normal_AAGTCGCTCCGA	0.15	0.016	0.009	0.021	0.03	0.049	0.033	0.161	0.109	0.077	0.051	0.112	0.064	0.01	0.019	0.014	0.02	0.018	0.012	0.007	0.018
Normal_AAGTCTAGCTGT	0.145	0.019	0.007	0.015	0.036	0.06	0.04	0.149	0.112	0.08	0.038	0.088	0.094	0.009	0.031	0.011	0.02	0.018	0.006	0.008	0.014
Normal_AAGTGATGTCGC	0.113	0.059	0.073	0.033	0.029	0.033	0.012	0.022	0.028	0.05	0.02	0.022	0.218	0.069	0.064	0.054	0.019	0.024	0.017	0.013	0.028
Normal_AAGTGCCTCTGC	0.108	0.042	0.029	0.026	0.032	0.032	0.018	0.031	0.021	0.059	0.023	0.029	0.225	0.063	0.072	0.062	0.033	0.029	0.019	0.018	0.029
Normal_AAGTGCGGAGTA	0.15	0.037	0.029	0.035	0.023	0.039	0.029	0.022	0.026	0.07	0.028	0.022	0.172	0.044	0.08	0.044	0.041	0.039	0.019	0.012	0.039
Normal_AAGTGCTCTAAC	0.127	0.076	0.038	0.027	0.056	0.069	0.043	0.048	0.051	0.066	0.031	0.018	0.148	0.029	0.033	0.036	0.036	0.016	0.02	0.008	0.024
Normal_AAGTGTAGTTGC	0.109	0.045	0.058	0.031	0.019	0.04	0.03	0.023	0.064	0.042	0.018	0.022	0.262	0.028	0.061	0.027	0.028	0.03	0.012	0.013	0.038
Normal_AAGTTAGCCGTC	0.171	0.037	0.027	0.036	0.058	0.065	0.048	0.063	0.08	0.053	0.02	0.009	0.137	0.032	0.044	0.034	0.025	0.018	0.017	0.005	0.021
Normal_AATAAACCAATG	0.084	0.048	0.081	0.034	0.047	0.055	0.07	0.054	0.054	0.038	0.029	0.015	0.139	0.034	0.055	0.034	0.025	0.024	0.011	0.026	0.043
Normal_AATAAGTGTGAG	0.117	0.066	0.026	0.043	0.055	0.059	0.048	0.044	0.044	0.09	0.026	0.011	0.127	0.046	0.057	0.035	0.039	0.012	0.02	0.011	0.024
Normal_AATAATATTAGC	0.091	0.077	0.035	0.029	0.047	0.069	0.059	0.051	0.047	0.048	0.025	0.016	0.15	0.033	0.063	0.037	0.035	0.025	0.023	0.017	0.023
Normal_AATACGCACACG	0.092	0.019	0.013	0.024	0.053	0.078	0.038	0.089	0.068	0.077	0.058	0.043	0.171	0.028	0.028	0.026	0.023	0.026	0.018	0.007	0.021
Normal_AATACGTCTGCA	0.151	0.048	0.044	0.037	0.031	0.022	0.028	0.03	0.027	0.103	0.039	0.025	0.146	0.041	0.054	0.05	0.029	0.036	0.018	0.011	0.03
Normal_AATAGAGTCGTC	0.147	0.026	0.005	0.019	0.03	0.039	0.047	0.136	0.118	0.104	0.048	0.078	0.069	0.017	0.02	0.027	0.021	0.019	0.005	0.005	0.02
Normal_AATAGCATTACC	0.107	0.038	0.024	0.032	0.03	0.029	0.018	0.029	0.033	0.061	0.024	0.02	0.205	0.043	0.071	0.049	0.062	0.039	0.031	0.018	0.037
Normal_AATCAAAGGAAT	0.129	0.024	0.017	0.067	0.057	0.06	0.056	0.043	0.056	0.037	0.017	0.017	0.133	0.039	0.049	0.038	0.049	0.02	0.024	0.012	0.056
Normal_AATCAACACAGT	0.02	0.003	0.008	0.013	0.057	0.16	0.097	0.315	0.054	0.031	0.027	0.053	0.063	0.01	0.014	0.012	0.01	0.019	0.01	0.007	0.017
Normal_AATCACTGGCAG	0.116	0.04	0.024	0.064	0.043	0.051	0.043	0.016	0.023	0.047	0.033	0.026	0.141	0.044	0.065	0.048	0.042	0.044	0.026	0.01	0.054
Normal_AATCAGCTCGCC	0.097	0.039	0.038	0.029	0.044	0.045	0.024	0.036	0.027	0.056	0.013	0.013	0.275	0.04	0.066	0.034	0.034	0.019	0.017	0.018	0.036
Normal_AATCATTGCGTT	0.106	0.046	0.06	0.036	0.04	0.047	0.043	0.041	0.028	0.051	0.018	0.016	0.221	0.038	0.063	0.046	0.027	0.024	0.012	0.009	0.028
Normal_AATCCATCACGG	0.109	0.041	0.036	0.027	0.053	0.082	0.067	0.047	0.052	0.06	0.022	0.009	0.125	0.032	0.058	0.04	0.035	0.029	0.028	0.016	0.032
Normal_AATCCCGGACGC	0.084	0.034	0.017	0.074	0.047	0.07	0.06	0.029	0.039	0.041	0.025	0.027	0.157	0.039	0.052	0.036	0.039	0.031	0.023	0.011	0.065
Normal_AATCCTATGACT	0.108	0.047	0.039	0.04	0.027	0.033	0.021	0.033	0.024	0.07	0.027	0.019	0.242	0.034	0.074	0.028	0.042	0.025	0.018	0.017	0.032
Normal_AATCCTCAGCTA	0.116	0.035	0.038	0.036	0.047	0.059	0.049	0.024	0.056	0.079	0.051	0.021	0.125	0.037	0.057	0.033	0.048	0.034	0.013	0.013	0.029
Normal_AATCGTTTAGGA	0.128	0.035	0.018	0.037	0.07	0.088	0.056	0.053	0.082	0.058	0.025	0.009	0.157	0.024	0.037	0.033	0.021	0.021	0.019	0.006	0.023
Normal_AATCTCACGAAC	0.037	0.009	0.007	0.009	0.017	0.008	0.016	0.011	0.008	0.027	0.007	0.01	0.06	0.112	0.261	0.114	0.133	0.045	0.053	0.027	0.029
Normal_AATCTCCACCCA	0.118	0.043	0.026	0.026	0.029	0.039	0.036	0.021	0.062	0.065	0.024	0.033	0.141	0.064	0.067	0.057	0.05	0.033	0.012	0.02	0.034
Normal_AATCTCCTGCCT	0.107	0.062	0.037	0.036	0.053	0.058	0.031	0.039	0.034	0.071	0.027	0.025	0.152	0.043	0.052	0.049	0.035	0.034	0.018	0.01	0.027
Normal_AATCTCTTCTTG	0.124	0.088	0.109	0.05	0.023	0.027	0.018	0.021	0.026	0.059	0.021	0.012	0.155	0.044	0.058	0.045	0.026	0.025	0.01	0.02	0.039
Normal_AATGATTCCCGG	0.098	0.046	0.04	0.038	0.021	0.038	0.022	0.021	0.021	0.05	0.021	0.022	0.25	0.034	0.062	0.067	0.047	0.027	0.025	0.012	0.038
Normal_AATGATTCGCCC	0.116	0.034	0.029	0.039	0.037	0.051	0.031	0.025	0.037	0.065	0.038	0.014	0.149	0.051	0.075	0.044	0.046	0.036	0.028	0.017	0.038
Normal_AATGATTGGAAA	0.082	0.05	0.043	0.037	0.013	0.023	0.026	0.015	0.03	0.067	0.041	0.026	0.171	0.066	0.089	0.049	0.045	0.039	0.024	0.014	0.05
Normal_AATGCCATCTTG	0.113	0.051	0.026	0.031	0.028	0.024	0.019	0.021	0.016	0.068	0.022	0.018	0.204	0.046	0.094	0.054	0.043	0.03	0.027	0.02	0.045
Normal_AATGCGCGTAGG	0.123	0.08	0.026	0.053	0.029	0.024	0.022	0.03	0.015	0.086	0.017	0.018	0.207	0.042	0.073	0.03	0.033	0.025	0.018	0.017	0.032
Normal_AATGCTAACAGA	0.112	0.042	0.022	0.024	0.059	0.089	0.073	0.06	0.082	0.044	0.015	0.01	0.151	0.025	0.048	0.029	0.023	0.028	0.021	0.014	0.029
Normal_AATGCTAATCTT	0.126	0.046	0.022	0.026	0.064	0.071	0.074	0.062	0.056	0.08	0.03	0.01	0.15	0.022	0.047	0.022	0.023	0.016	0.015	0.012	0.026
Normal_AATGCTACTTAA	0.14	0.043	0.065	0.03	0.017	0.017	0.023	0.02	0.021	0.113	0.049	0.023	0.172	0.052	0.053	0.053	0.034	0.025	0.016	0.009	0.025
Normal_AATGCTGCTCGC	0.131	0.036	0.021	0.035	0.038	0.048	0.021	0.034	0.025	0.061	0.017	0.024	0.237	0.039	0.066	0.04	0.046	0.023	0.019	0.01	0.029
Normal_AATGGATACCCC	0.09	0.046	0.073	0.033	0.028	0.037	0.026	0.024	0.015	0.058	0.028	0.024	0.162	0.067	0.073	0.048	0.049	0.041	0.026	0.017	0.035
Normal_AATGGCAACACT	0.028	0.017	0.014	0.009	0.012	0.016	0.015	0.005	0.005	0.025	0.012	0.032	0.074	0.106	0.149	0.142	0.119	0.057	0.081	0.023	0.059
Normal_AATGGCGGTAAC	0.096	0.039	0.024	0.043	0.031	0.034	0.012	0.031	0.03	0.05	0.021	0.023	0.237	0.055	0.075	0.038	0.051	0.032	0.021	0.016	0.041
Normal_AATGTAATTGCT	0.106	0.039	0.023	0.092	0.05	0.043	0.031	0.03	0.027	0.033	0.019	0.017	0.125	0.048	0.056	0.032	0.049	0.064	0.027	0.026	0.063
Normal_AATGTTCGACCC	0.11	0.054	0.036	0.035	0.03	0.031	0.036	0.035	0.041	0.071	0.03	0.032	0.124	0.052	0.092	0.042	0.043	0.034	0.021	0.015	0.036
Normal_AATGTTTTTCGT	0.12	0.046	0.029	0.037	0.028	0.026	0.014	0.027	0.026	0.061	0.02	0.017	0.255	0.048	0.062	0.04	0.044	0.035	0.015	0.017	0.033
Normal_AATTAATCTTAA	0.117	0.033	0.047	0.039	0.019	0.025	0.026	0.026	0.041	0.077	0.036	0.034	0.191	0.044	0.068	0.054	0.03	0.023	0.026	0.01	0.034
Normal_AATTAGCCCAAG	0.057	0.015	0.011	0.017	0.04	0.031	0.029	0.206	0.115	0.057	0.05	0.137	0.105	0.013	0.023	0.019	0.016	0.023	0.009	0.004	0.023
Normal_AATTCAACCGTC	0.114	0.044	0.032	0.029	0.021	0.026	0.026	0.018	0.026	0.06	0.022	0.027	0.247	0.047	0.069	0.038	0.039	0.032	0.019	0.013	0.051
Normal_AATTCCAGAGGA	0.078	0.031	0.024	0.038	0.033	0.03	0.04	0.047	0.078	0.075	0.033	0.024	0.152	0.046	0.067	0.04	0.034	0.046	0.024	0.016	0.044
Normal_AATTCGGGGCTG	0.142	0.017	0.024	0.018	0.027	0.037	0.042	0.132	0.043	0.105	0.044	0.102	0.102	0.024	0.022	0.021	0.021	0.021	0.019	0.013	0.024
Normal_AATTCTACTGAT	0.078	0.013	0.01	0.01	0.035	0.058	0.076	0.132	0.066	0.083	0.047	0.081	0.079	0.034	0.051	0.04	0.033	0.032	0.011	0.015	0.016
Normal_AATTGCCATGTG	0.099	0.035	0.048	0.033	0.024	0.047	0.035	0.025	0.022	0.05	0.015	0.015	0.246	0.049	0.076	0.049	0.038	0.025	0.012	0.02	0.037
Normal_AATTGCGTACGT	0.102	0.038	0.063	0.019	0.037	0.06	0.042	0.05	0.033	0.035	0.031	0.026	0.185	0.065	0.055	0.057	0.027	0.022	0.012	0.014	0.027
Normal_AATTGTGGGGTT	0.074	0.053	0.05	0.034	0.047	0.04	0.02	0.042	0.029	0.064	0.021	0.016	0.175	0.058	0.076	0.051	0.042	0.028	0.022	0.02	0.038
Normal_AATTTAATCCGA	0.109	0.026	0.015	0.089	0.071	0.057	0.028	0.04	0.053	0.05	0.015	0.018	0.128	0.037	0.05	0.028	0.044	0.048	0.023	0.018	0.053
Normal_ACAACAGCAATC	0.111	0.058	0.072	0.037	0.021	0.038	0.035	0.033	0.092	0.048	0.025	0.013	0.166	0.046	0.065	0.029	0.019	0.029	0.014	0.021	0.028
Normal_ACAACCAGTGAC	0.113	0.021	0.008	0.048	0.075	0.084	0.044	0.055	0.085	0.068	0.035	0.007	0.153	0.023	0.047	0.037	0.025	0.013	0.013	0.015	0.031
Normal_ACAACCCACCAT	0.078	0.024	0.007	0.018	0.05	0.042	0.035	0.268	0.067	0.072	0.02	0.088	0.124	0.008	0.022	0.01	0.013	0.017	0.012	0.007	0.018
Normal_ACAACCCCGGAA	0.068	0.04	0.021	0.019	0.03	0.045	0.052	0.025	0.024	0.033	0.026	0.02	0.281	0.031	0.071	0.046	0.042	0.05	0.02	0.015	0.041
Normal_ACAACCGGGATG	0.12	0.019	0.034	0.035	0.035	0.06	0.039	0.038	0.121	0.051	0.021	0.022	0.142	0.044	0.048	0.045	0.027	0.025	0.023	0.015	0.036
Normal_ACAACTAATTTT	0.104	0.053	0.05	0.035	0.028	0.03	0.007	0.033	0.05	0.073	0.026	0.022	0.243	0.044	0.058	0.033	0.027	0.031	0.01	0.017	0.026
Normal_ACAAGCTAGAGG	0.088	0.016	0.024	0.015	0.03	0.054	0.039	0.079	0.078	0.082	0.039	0.098	0.122	0.041	0.041	0.026	0.031	0.036	0.016	0.013	0.032
Normal_ACAAGGTTGGAA	0.105	0.03	0.029	0.072	0.06	0.074	0.05	0.037	0.038	0.047	0.027	0.036	0.171	0.034	0.04	0.031	0.03	0.015	0.013	0.01	0.051
Normal_ACAATAAGTCTA	0.114	0.026	0.014	0.045	0.047	0.058	0.048	0.049	0.082	0.083	0.043	0.01	0.165	0.026	0.042	0.034	0.023	0.024	0.007	0.021	0.039
Normal_ACAATCCTGGTC	0.142	0.045	0.024	0.035	0.034	0.04	0.024	0.036	0.034	0.067	0.021	0.025	0.124	0.045	0.082	0.061	0.056	0.025	0.026	0.018	0.036
Normal_ACAATGCGCTTA	0.072	0.003	0.014	0.018	0.042	0.066	0.058	0.118	0.077	0.067	0.042	0.116	0.139	0.016	0.023	0.017	0.011	0.035	0.012	0.015	0.039
Normal_ACAATTTGCTCA	0.117	0.053	0.06	0.046	0.021	0.044	0.022	0.027	0.048	0.051	0.018	0.028	0.249	0.024	0.049	0.032	0.036	0.016	0.018	0.009	0.032
Normal_ACACACCTTCAA	0.109	0.014	0.02	0.027	0.048	0.079	0.073	0.117	0.091	0.044	0.036	0.099	0.099	0.013	0.016	0.018	0.014	0.025	0.009	0.013	0.036
Normal_ACACACGCCCTG	0.103	0.037	0.024	0.033	0.036	0.038	0.021	0.039	0.033	0.052	0.018	0.022	0.244	0.034	0.063	0.043	0.043	0.026	0.029	0.016	0.046
Normal_ACACCTTACTGG	0.061	0.013	0.016	0.011	0.015	0.02	0.009	0.01	0.014	0.048	0.021	0.019	0.086	0.132	0.189	0.126	0.07	0.06	0.017	0.037	0.026
Normal_ACACCTTGATAC	0.026	0.008	0.011	0.017	0.078	0.089	0.061	0.481	0.045	0.022	0.007	0.026	0.032	0.006	0.014	0.012	0.018	0.013	0.01	0.006	0.018
Normal_ACACGACAACGC	0.124	0.056	0.039	0.035	0.054	0.057	0.035	0.056	0.066	0.056	0.027	0.014	0.16	0.03	0.041	0.033	0.028	0.029	0.024	0.008	0.028
Normal_ACACGAGTGAGG	0.152	0.041	0.046	0.035	0.036	0.053	0.033	0.031	0.056	0.039	0.029	0.022	0.158	0.04	0.062	0.05	0.03	0.026	0.012	0.02	0.029
Normal_ACACGTGACGAT	0.136	0.04	0.033	0.043	0.068	0.074	0.042	0.045	0.061	0.061	0.027	0.011	0.177	0.026	0.035	0.03	0.018	0.015	0.019	0.01	0.029
Normal_ACACTAATTTGC	0.143	0.051	0.063	0.027	0.02	0.013	0.022	0.024	0.049	0.093	0.025	0.034	0.176	0.045	0.066	0.036	0.026	0.027	0.017	0.015	0.028
Normal_ACACTATGCACG	0.109	0.036	0.049	0.035	0.024	0.019	0.028	0.018	0.024	0.046	0.016	0.037	0.154	0.068	0.08	0.071	0.05	0.043	0.017	0.023	0.053
Normal_ACACTCAGTGAA	0.097	0.059	0.028	0.033	0.055	0.042	0.047	0.047	0.082	0.068	0.037	0.027	0.147	0.041	0.052	0.032	0.024	0.027	0.016	0.015	0.024
Normal_ACACTCCCGGTC	0.035	0.015	0.015	0.016	0.009	0.027	0.036	0.012	0.014	0.041	0.019	0.017	0.098	0.126	0.168	0.101	0.095	0.057	0.043	0.018	0.038
Normal_ACACTGAGTTGA	0.1	0.046	0.026	0.026	0.073	0.063	0.017	0.036	0.041	0.054	0.019	0.029	0.188	0.047	0.07	0.038	0.039	0.026	0.028	0.01	0.024
Normal_ACACTTGCATAG	0.127	0.028	0.013	0.026	0.031	0.026	0.043	0.11	0.105	0.092	0.047	0.094	0.099	0.019	0.035	0.021	0.024	0.024	0.006	0.006	0.024
Normal_ACAGATGGATCT	0.105	0.036	0.025	0.033	0.058	0.072	0.043	0.062	0.087	0.055	0.034	0.009	0.153	0.026	0.049	0.043	0.02	0.027	0.021	0.013	0.029
Normal_ACAGCCTATGGA	0.098	0.047	0.032	0.035	0.035	0.036	0.035	0.03	0.038	0.061	0.025	0.031	0.145	0.064	0.084	0.048	0.042	0.032	0.027	0.021	0.034
Normal_ACAGCTTCCCTA	0.122	0.026	0.01	0.037	0.066	0.087	0.062	0.075	0.087	0.049	0.017	0.017	0.148	0.019	0.039	0.023	0.034	0.019	0.019	0.012	0.032
Normal_ACAGCTTTGCCG	0.145	0.081	0.031	0.029	0.039	0.024	0.016	0.032	0.021	0.114	0.022	0.016	0.2	0.028	0.056	0.022	0.035	0.027	0.02	0.014	0.028
Normal_ACAGGCAGTCGC	0.103	0.034	0.066	0.05	0.018	0.03	0.02	0.016	0.018	0.043	0.021	0.027	0.257	0.057	0.051	0.056	0.032	0.036	0.012	0.018	0.035
Normal_ACAGGCCCAGGT	0.094	0.056	0.014	0.022	0.069	0.083	0.041	0.06	0.061	0.054	0.022	0.017	0.144	0.044	0.058	0.037	0.041	0.026	0.02	0.011	0.026
Normal_ACAGGTTCTCTC	0.148	0.053	0.046	0.037	0.033	0.025	0.019	0.025	0.035	0.092	0.034	0.032	0.183	0.036	0.068	0.027	0.025	0.027	0.007	0.017	0.031
Normal_ACAGTATCTCCT	0.1	0.029	0.03	0.075	0.049	0.06	0.036	0.031	0.028	0.045	0.018	0.013	0.136	0.034	0.06	0.044	0.046	0.049	0.03	0.015	0.072
Normal_ACAGTTGGTTAT	0.039	0.002	0.009	0.011	0.011	0.016	0.029	0.015	0.019	0.041	0.032	0.032	0.068	0.088	0.188	0.105	0.093	0.104	0.031	0.033	0.034
Normal_ACATAGTTGTCT	0.096	0.043	0.029	0.022	0.048	0.062	0.047	0.043	0.064	0.054	0.028	0.014	0.214	0.035	0.036	0.036	0.028	0.023	0.014	0.021	0.043
Normal_ACATATAGCCGC	0.109	0.036	0.028	0.025	0.036	0.046	0.02	0.029	0.024	0.056	0.02	0.019	0.252	0.048	0.067	0.035	0.044	0.023	0.024	0.017	0.042
Normal_ACATCCATATCC	0.103	0.042	0.023	0.04	0.032	0.05	0.023	0.036	0.021	0.059	0.02	0.021	0.233	0.033	0.075	0.037	0.055	0.021	0.02	0.017	0.039
Normal_ACATGCACTATC	0.095	0.031	0.049	0.02	0.028	0.042	0.03	0.044	0.039	0.074	0.044	0.095	0.172	0.037	0.046	0.031	0.038	0.031	0.013	0.013	0.028
Normal_ACATGGAGGATT	0.128	0.026	0.02	0.017	0.041	0.036	0.048	0.116	0.107	0.09	0.031	0.066	0.113	0.016	0.048	0.025	0.018	0.017	0.009	0.01	0.018
Normal_ACATGTTTTGGG	0.111	0.034	0.019	0.031	0.062	0.082	0.042	0.055	0.05	0.087	0.047	0.014	0.1	0.038	0.05	0.037	0.038	0.021	0.022	0.023	0.037
Normal_ACATTGCAGTTA	0.026	0.003	0.007	0.014	0.065	0.133	0.132	0.337	0.083	0.029	0.018	0.022	0.042	0.005	0.012	0.006	0.015	0.018	0.012	0.004	0.017
Normal_ACATTGGCGCTA	0.114	0.036	0.02	0.034	0.067	0.084	0.063	0.067	0.07	0.072	0.039	0.012	0.138	0.02	0.042	0.029	0.021	0.016	0.017	0.016	0.023
Normal_ACCAACCTGTAG	0.121	0.038	0.063	0.037	0.022	0.04	0.023	0.023	0.023	0.044	0.012	0.018	0.256	0.053	0.053	0.049	0.038	0.018	0.01	0.016	0.043
Normal_ACCAAGTATATT	0.113	0.02	0.026	0.067	0.066	0.07	0.061	0.044	0.039	0.036	0.015	0.019	0.166	0.027	0.045	0.031	0.036	0.021	0.021	0.011	0.066
Normal_ACCAATCGGCAC	0.028	0.006	0.001	0.013	0.093	0.144	0.123	0.333	0.086	0.027	0.023	0.021	0.039	0.003	0.009	0.007	0.007	0.009	0.005	0.003	0.02
Normal_ACCAATGACGTC	0.119	0.05	0.033	0.042	0.038	0.028	0.021	0.038	0.017	0.081	0.02	0.025	0.199	0.033	0.075	0.037	0.046	0.029	0.017	0.014	0.038
Normal_ACCACATGTGTC	0.093	0.034	0.024	0.077	0.042	0.071	0.059	0.042	0.055	0.033	0.023	0.03	0.128	0.042	0.045	0.04	0.044	0.028	0.013	0.007	0.07
Normal_ACCACGGCTGGC	0.124	0.049	0.019	0.043	0.028	0.028	0.024	0.026	0.033	0.091	0.033	0.028	0.212	0.031	0.067	0.037	0.039	0.028	0.022	0.013	0.025
Normal_ACCACTGTGCTA	0.063	0.02	0.008	0.017	0.057	0.064	0.057	0.327	0.085	0.041	0.024	0.074	0.052	0.007	0.017	0.013	0.013	0.024	0.011	0.013	0.013
Normal_ACCAGCGCATAC	0.107	0.044	0.016	0.037	0.039	0.042	0.025	0.04	0.026	0.054	0.017	0.025	0.23	0.046	0.075	0.037	0.04	0.029	0.023	0.014	0.034
Normal_ACCAGTTCCGGG	0.078	0.029	0.017	0.028	0.057	0.077	0.034	0.054	0.042	0.039	0.029	0.015	0.17	0.047	0.068	0.043	0.045	0.029	0.029	0.017	0.053
Normal_ACCATCATGGCT	0.127	0.05	0.052	0.037	0.027	0.028	0.033	0.027	0.042	0.093	0.051	0.02	0.155	0.032	0.06	0.051	0.028	0.027	0.016	0.012	0.032
Normal_ACCCAAATTACC	0.122	0.016	0.006	0.021	0.021	0.044	0.067	0.137	0.128	0.079	0.059	0.091	0.077	0.016	0.025	0.012	0.018	0.017	0.012	0.012	0.02
Normal_ACCCAGTACCAC	0.025	0.014	0.019	0.012	0.009	0.023	0.017	0.006	0.016	0.029	0.007	0.013	0.101	0.084	0.193	0.099	0.133	0.048	0.068	0.029	0.055
Normal_ACCCATTGGCAG	0.079	0.031	0.04	0.027	0.017	0.029	0.024	0.024	0.049	0.079	0.036	0.034	0.161	0.079	0.076	0.071	0.044	0.03	0.021	0.01	0.039
Normal_ACCCGCCCCTAC	0.114	0.045	0.022	0.037	0.058	0.067	0.044	0.072	0.08	0.06	0.036	0.01	0.154	0.029	0.036	0.025	0.031	0.014	0.012	0.023	0.031
Normal_ACCCGGCCTACG	0.127	0.033	0.014	0.064	0.086	0.086	0.076	0.064	0.043	0.023	0.022	0.019	0.088	0.028	0.059	0.026	0.03	0.017	0.016	0.015	0.064
Normal_ACCCTAACCACT	0.078	0.029	0.01	0.03	0.069	0.077	0.045	0.094	0.116	0.112	0.061	0.042	0.094	0.012	0.031	0.021	0.013	0.015	0.011	0.016	0.024
Normal_ACCGACATTTCG	0.117	0.045	0.029	0.032	0.031	0.032	0.02	0.029	0.039	0.067	0.014	0.021	0.241	0.039	0.08	0.034	0.047	0.023	0.015	0.012	0.033
Normal_ACCGAGAAAAGT	0.1	0.02	0.013	0.073	0.049	0.059	0.065	0.047	0.033	0.049	0.024	0.036	0.117	0.035	0.053	0.026	0.051	0.037	0.029	0.015	0.069
Normal_ACCGAGGGTAAG	0.054	0.017	0.009	0.012	0.041	0.062	0.05	0.296	0.107	0.044	0.058	0.099	0.057	0.014	0.015	0.014	0.011	0.009	0.005	0.008	0.018
Normal_ACCGATTTTGAT	0.077	0.037	0.027	0.023	0.042	0.056	0.045	0.039	0.07	0.065	0.028	0.028	0.215	0.037	0.058	0.041	0.024	0.031	0.016	0.014	0.027
Normal_ACCGCTCCTGGG	0.127	0.076	0.029	0.036	0.045	0.057	0.043	0.058	0.077	0.07	0.026	0.02	0.126	0.025	0.054	0.025	0.034	0.019	0.02	0.016	0.017
Normal_ACCGCTTAAACG	0.064	0.017	0.013	0.024	0.036	0.059	0.066	0.041	0.053	0.055	0.047	0.02	0.135	0.06	0.086	0.036	0.057	0.033	0.033	0.023	0.042
Normal_ACCGGAGCCCGA	0.079	0.044	0.038	0.035	0.013	0.021	0.028	0.019	0.042	0.075	0.034	0.023	0.226	0.052	0.079	0.037	0.056	0.032	0.015	0.017	0.035
Normal_ACCGGGCGTTGA	0.074	0.041	0.033	0.04	0.041	0.044	0.027	0.028	0.051	0.054	0.018	0.021	0.253	0.032	0.06	0.036	0.038	0.033	0.019	0.011	0.046
Normal_ACCGGGTTTTCG	0.107	0.025	0.022	0.07	0.059	0.061	0.043	0.035	0.031	0.038	0.021	0.016	0.171	0.036	0.051	0.038	0.053	0.029	0.028	0.012	0.054
Normal_ACCGGTTCTTAG	0.008	0.004	0.001	0.01	0.008	0.01	0.02	0.013	0.014	0.026	0.011	0.022	0.055	0.072	0.276	0.062	0.146	0.062	0.065	0.069	0.046
Normal_ACCGTAGCATAT	0.114	0.023	0.013	0.057	0.061	0.067	0.051	0.039	0.035	0.036	0.021	0.014	0.092	0.049	0.099	0.051	0.048	0.038	0.024	0.016	0.052
Normal_ACCGTTTCATGT	0.156	0.053	0.021	0.036	0.047	0.057	0.044	0.046	0.056	0.068	0.021	0.014	0.127	0.042	0.06	0.037	0.031	0.024	0.015	0.01	0.035
Normal_ACCGTTTGCGCA	0.031	0.003	0.008	0.005	0.007	0.011	0.014	0.007	0.014	0.031	0.032	0.011	0.061	0.059	0.091	0.058	0.187	0.145	0.104	0.06	0.061
Normal_ACCTAAAGGGTC	0.108	0.04	0.044	0.032	0.016	0.026	0.028	0.026	0.062	0.066	0.023	0.036	0.163	0.048	0.068	0.034	0.031	0.048	0.022	0.028	0.051
Normal_ACCTATCTATAT	0.042	0.005	0.006	0.021	0.041	0.06	0.053	0.37	0.129	0.037	0.024	0.054	0.042	0.008	0.013	0.008	0.019	0.03	0.008	0.015	0.015
Normal_ACCTATGTTGCT	0.105	0.059	0.022	0.022	0.051	0.073	0.045	0.068	0.092	0.088	0.052	0.019	0.132	0.021	0.036	0.032	0.023	0.019	0.012	0.006	0.023
Normal_ACCTCGCAATAT	0.099	0.054	0.021	0.018	0.051	0.046	0.028	0.318	0.056	0.051	0.023	0.053	0.115	0.006	0.01	0.013	0.013	0.007	0.006	0.004	0.008
Normal_ACCTGTTCCATC	0.09	0.052	0.057	0.029	0.028	0.047	0.041	0.027	0.045	0.05	0.019	0.018	0.247	0.031	0.063	0.032	0.036	0.027	0.012	0.016	0.033
Normal_ACCTTATTTGAT	0.128	0.046	0.028	0.038	0.037	0.045	0.031	0.039	0.049	0.094	0.037	0.013	0.196	0.02	0.06	0.026	0.029	0.026	0.015	0.013	0.03
Normal_ACCTTCTACGAA	0.103	0.014	0.023	0.04	0.028	0.022	0.02	0.034	0.067	0.063	0.033	0.058	0.208	0.047	0.07	0.043	0.037	0.026	0.019	0.013	0.032
Normal_ACCTTGTTTCAG	0.165	0.029	0.02	0.031	0.035	0.043	0.052	0.048	0.081	0.073	0.035	0.039	0.111	0.024	0.058	0.026	0.048	0.03	0.018	0.009	0.025
Normal_ACCTTTAGGCGG	0.11	0.018	0.005	0.014	0.03	0.033	0.052	0.137	0.127	0.11	0.057	0.106	0.076	0.012	0.024	0.016	0.02	0.016	0.012	0.01	0.015
Normal_ACGAACGAGTCG	0.081	0.022	0.028	0.032	0.034	0.047	0.03	0.028	0.018	0.061	0.018	0.013	0.254	0.052	0.088	0.046	0.043	0.03	0.024	0.014	0.037
Normal_ACGACAAGCATT	0.108	0.026	0.018	0.033	0.066	0.085	0.093	0.058	0.072	0.058	0.046	0.015	0.137	0.023	0.034	0.025	0.021	0.02	0.016	0.011	0.035
Normal_ACGACACGTGAG	0.134	0.066	0.031	0.035	0.037	0.032	0.028	0.037	0.029	0.06	0.012	0.018	0.209	0.048	0.06	0.037	0.033	0.022	0.02	0.015	0.037
Normal_ACGACGATTGTC	0.024	0.019	0.015	0.011	0.012	0.014	0.017	0.005	0.011	0.016	0.006	0.011	0.09	0.066	0.164	0.076	0.134	0.093	0.107	0.029	0.08
Normal_ACGACGCACTCA	0.135	0.055	0.041	0.038	0.038	0.021	0.028	0.034	0.073	0.059	0.018	0.034	0.189	0.032	0.069	0.047	0.018	0.019	0.01	0.01	0.032
Normal_ACGAGCACACGG	0.099	0.046	0.023	0.043	0.028	0.029	0.014	0.036	0.04	0.055	0.013	0.034	0.241	0.042	0.067	0.042	0.045	0.031	0.032	0.016	0.024
Normal_ACGAGCGCCGAC	0.095	0.047	0.023	0.033	0.036	0.035	0.017	0.041	0.037	0.047	0.015	0.016	0.281	0.041	0.058	0.04	0.037	0.037	0.02	0.012	0.032
Normal_ACGAGCTCCGCT	0.158	0.058	0.054	0.037	0.022	0.022	0.018	0.022	0.097	0.059	0.019	0.026	0.16	0.04	0.059	0.041	0.027	0.024	0.015	0.01	0.032
Normal_ACGAGGCTATTA	0.12	0.02	0.018	0.012	0.022	0.038	0.04	0.077	0.06	0.099	0.056	0.104	0.11	0.028	0.049	0.026	0.025	0.037	0.011	0.018	0.03
Normal_ACGATGAAAACT	0.136	0.069	0.008	0.03	0.042	0.083	0.074	0.041	0.067	0.045	0.026	0.016	0.15	0.03	0.058	0.028	0.019	0.02	0.016	0.013	0.029
Normal_ACGCAAGGGTCG	0.072	0.032	0.038	0.031	0.025	0.035	0.023	0.016	0.035	0.047	0.016	0.028	0.291	0.05	0.061	0.049	0.047	0.042	0.017	0.011	0.034
Normal_ACGCAAGTTCAC	0.111	0.016	0.016	0.083	0.058	0.08	0.056	0.049	0.054	0.051	0.02	0.022	0.091	0.03	0.048	0.029	0.034	0.038	0.017	0.015	0.082
Normal_ACGCAATCGGCA	0.028	0.004	0.006	0.014	0.011	0.014	0.015	0.008	0.025	0.029	0.018	0.028	0.068	0.05	0.1	0.049	0.144	0.114	0.108	0.053	0.114
Normal_ACGCCATCAAAG	0.048	0.009	0.006	0.02	0.012	0.012	0.024	0.015	0.016	0.035	0.02	0.014	0.057	0.08	0.18	0.076	0.14	0.092	0.05	0.043	0.051
Normal_ACGCCCAGTTGT	0.092	0.028	0.039	0.038	0.04	0.041	0.05	0.03	0.055	0.053	0.046	0.012	0.14	0.046	0.081	0.045	0.04	0.039	0.027	0.019	0.039
Normal_ACGCGACCCTGC	0.081	0.039	0.024	0.024	0.065	0.086	0.069	0.069	0.074	0.066	0.038	0.017	0.166	0.022	0.04	0.019	0.024	0.02	0.016	0.016	0.025
Normal_ACGCGAGCCTAG	0.037	0.013	0.006	0.01	0.011	0.014	0.016	0.006	0.014	0.026	0.01	0.013	0.053	0.125	0.235	0.127	0.114	0.083	0.03	0.031	0.026
Normal_ACGCGGCCGCTG	0.104	0.032	0.029	0.031	0.037	0.043	0.021	0.031	0.027	0.059	0.016	0.025	0.262	0.028	0.066	0.042	0.051	0.024	0.026	0.014	0.032
Normal_ACGCTCGTCATA	0.123	0.055	0.018	0.03	0.066	0.074	0.047	0.07	0.076	0.081	0.031	0.013	0.092	0.041	0.051	0.029	0.03	0.021	0.019	0.011	0.022
Normal_ACGCTTCGAATA	0.105	0.024	0.022	0.072	0.089	0.092	0.068	0.06	0.047	0.032	0.013	0.013	0.119	0.024	0.036	0.021	0.034	0.036	0.018	0.017	0.058
Normal_ACGGAGGCCGCA	0.104	0.024	0.023	0.063	0.042	0.034	0.036	0.04	0.037	0.027	0.027	0.026	0.165	0.049	0.061	0.05	0.056	0.037	0.034	0.014	0.051
Normal_ACGGATTCATCC	0.087	0.037	0.028	0.034	0.028	0.064	0.028	0.034	0.027	0.037	0.022	0.018	0.232	0.048	0.075	0.049	0.038	0.024	0.021	0.02	0.049
Normal_ACGGCGCTACGT	0.098	0.055	0.061	0.041	0.02	0.029	0.035	0.031	0.024	0.041	0.027	0.029	0.171	0.051	0.073	0.061	0.043	0.046	0.014	0.012	0.038
Normal_ACGGCGCTTTAG	0.097	0.035	0.019	0.075	0.06	0.059	0.06	0.032	0.037	0.038	0.02	0.013	0.118	0.04	0.057	0.035	0.049	0.028	0.026	0.022	0.08
Normal_ACGGGAATTATT	0.056	0.001	0.012	0.014	0.054	0.102	0.069	0.277	0.057	0.04	0.027	0.072	0.068	0.005	0.019	0.011	0.02	0.03	0.015	0.015	0.036
Normal_ACGGGACGGACC	0.111	0.073	0.034	0.033	0.034	0.02	0.027	0.019	0.019	0.077	0.039	0.026	0.166	0.05	0.073	0.06	0.039	0.031	0.022	0.011	0.036
Normal_ACGGGGAGCGTA	0.088	0.049	0.031	0.043	0.04	0.036	0.023	0.025	0.035	0.057	0.021	0.022	0.243	0.041	0.064	0.041	0.044	0.025	0.014	0.014	0.044
Normal_ACGGGGAGGTTG	0.125	0.045	0.029	0.036	0.025	0.036	0.026	0.022	0.048	0.076	0.028	0.031	0.176	0.046	0.075	0.045	0.039	0.027	0.016	0.016	0.033
Normal_ACGGGTTCTTCG	0.132	0.054	0.028	0.024	0.054	0.076	0.049	0.056	0.036	0.054	0.02	0.014	0.14	0.043	0.05	0.045	0.034	0.03	0.02	0.013	0.028
Normal_ACGGTATCTCCA	0.088	0.033	0.039	0.039	0.037	0.061	0.046	0.025	0.081	0.064	0.042	0.023	0.136	0.046	0.072	0.045	0.034	0.027	0.017	0.01	0.035
Normal_ACGGTATTCTCC	0.092	0.034	0.024	0.036	0.057	0.075	0.047	0.044	0.063	0.047	0.036	0.015	0.145	0.04	0.059	0.039	0.039	0.021	0.026	0.02	0.041
Normal_ACGGTCCTCGCT	0.114	0.073	0.082	0.032	0.023	0.019	0.013	0.022	0.019	0.106	0.02	0.022	0.19	0.049	0.059	0.044	0.031	0.022	0.018	0.015	0.027
Normal_ACGGTCTGAAAA	0.123	0.03	0.013	0.026	0.065	0.081	0.053	0.051	0.077	0.087	0.042	0.015	0.114	0.032	0.056	0.024	0.028	0.028	0.02	0.012	0.023
Normal_ACGGTGGCCCGA	0.107	0.033	0.013	0.081	0.058	0.066	0.051	0.024	0.02	0.036	0.019	0.03	0.108	0.039	0.056	0.039	0.056	0.049	0.019	0.014	0.082
Normal_ACGGTTATCCTT	0.091	0.056	0.079	0.03	0.027	0.033	0.018	0.02	0.025	0.053	0.023	0.024	0.236	0.05	0.057	0.042	0.032	0.028	0.015	0.011	0.05
Normal_ACGTACCCTTCG	0.131	0.039	0.028	0.034	0.062	0.069	0.042	0.051	0.072	0.055	0.027	0.013	0.157	0.022	0.048	0.035	0.026	0.033	0.022	0.01	0.024
Normal_ACGTACCTGCCG	0.059	0.016	0.015	0.014	0.015	0.015	0.017	0.015	0.014	0.04	0.009	0.014	0.103	0.093	0.138	0.134	0.109	0.058	0.053	0.02	0.049
Normal_ACGTACGGGAGT	0.161	0.055	0.033	0.031	0.021	0.026	0.021	0.02	0.022	0.072	0.015	0.02	0.208	0.042	0.063	0.04	0.048	0.026	0.023	0.017	0.036
Normal_ACGTAGCACTGT	0.11	0.075	0.108	0.037	0.016	0.037	0.023	0.012	0.085	0.037	0.015	0.016	0.182	0.047	0.066	0.039	0.026	0.019	0.009	0.012	0.029
Normal_ACGTCCATATAC	0.051	0.006	0.011	0.009	0.016	0.021	0.015	0.022	0.024	0.038	0.023	0.052	0.106	0.095	0.181	0.108	0.084	0.051	0.043	0.018	0.026
Normal_ACGTCCCTTCTA	0.138	0.044	0.028	0.035	0.022	0.023	0.024	0.036	0.054	0.095	0.042	0.027	0.136	0.041	0.087	0.04	0.032	0.025	0.012	0.016	0.043
Normal_ACGTCTAGGGGT	0.108	0.029	0.023	0.078	0.047	0.067	0.046	0.04	0.034	0.039	0.016	0.012	0.138	0.033	0.052	0.035	0.039	0.048	0.027	0.015	0.074
Normal_ACGTCTGGACGG	0.049	0.006	0.009	0.013	0.041	0.092	0.075	0.215	0.095	0.03	0.041	0.119	0.074	0.016	0.035	0.019	0.026	0.015	0.008	0.009	0.013
Normal_ACTAAAAAAATG	0.081	0.03	0.03	0.024	0.053	0.08	0.043	0.04	0.047	0.05	0.036	0.023	0.172	0.047	0.054	0.044	0.042	0.035	0.019	0.013	0.037
Normal_ACTAAAGCCAAT	0.099	0.05	0.019	0.027	0.072	0.076	0.042	0.061	0.086	0.045	0.016	0.01	0.177	0.028	0.04	0.035	0.03	0.02	0.019	0.017	0.031
